// Costume collection boxes (renewal). F_RndCostume(slot): 0 = any (head slots and garments), 1 = upper, 2 = middle,
// 3 = lower. The costumes are the stock costume items of the renewal item database (731 without a client name get one from System/itemInfo.lua).
// Only costumes that fill ONE slot are listed: the server only hides a costume with the "view costume" option when it
// fills a single slot. Add or remove ids freely.

function	script	F_RndCostume	{
	.@s = getarg(0, 0);
	if (.@s == 1) {
		setarray .@p[0], 5909, 5915, 5980, 5981, 15825, 15836, 15838, 15839, 15841, 15842, 15843, 15844, 15846, 15847, 15851, 15853, 15854, 15858, 15875, 15876, 15881, 15882, 15888, 15889, 15890, 15893, 15894, 15899, 15904, 15905, 15925, 15952, 18740, 18741, 18743, 18921, 19015, 19288, 19290, 19292;
		setarray .@p[40], 19294, 19403, 19464, 19466, 19472, 19507, 19515, 19516, 19517, 19518, 19519, 19520, 19521, 19522, 19523, 19524, 19525, 19526, 19527, 19529, 19530, 19532, 19533, 19535, 19536, 19537, 19538, 19543, 19544, 19545, 19546, 19547, 19548, 19549, 19557, 19558, 19559, 19560, 19565, 19568;
		setarray .@p[80], 19569, 19570, 19571, 19572, 19573, 19575, 19576, 19577, 19579, 19581, 19582, 19585, 19586, 19587, 19588, 19589, 19590, 19591, 19592, 19593, 19594, 19595, 19596, 19597, 19599, 19600, 19601, 19607, 19608, 19613, 19614, 19616, 19617, 19618, 19619, 19620, 19622, 19623, 19625, 19627;
		setarray .@p[120], 19628, 19629, 19630, 19631, 19632, 19633, 19635, 19637, 19639, 19640, 19643, 19645, 19646, 19647, 19648, 19649, 19650, 19652, 19653, 19654, 19655, 19656, 19657, 19658, 19659, 19660, 19661, 19662, 19663, 19664, 19665, 19666, 19667, 19668, 19670, 19671, 19675, 19676, 19677, 19678;
		setarray .@p[160], 19681, 19682, 19684, 19685, 19686, 19687, 19688, 19690, 19691, 19693, 19694, 19695, 19696, 19697, 19698, 19699, 19700, 19701, 19702, 19703, 19704, 19705, 19706, 19707, 19708, 19709, 19711, 19712, 19714, 19715, 19716, 19717, 19718, 19719, 19720, 19721, 19723, 19724, 19727, 19728;
		setarray .@p[200], 19729, 19730, 19731, 19733, 19737, 19738, 19739, 19740, 19741, 19744, 19745, 19749, 19750, 19751, 19753, 19757, 19758, 19759, 19761, 19762, 19763, 19766, 19767, 19768, 19771, 19772, 19773, 19774, 19777, 19778, 19779, 19780, 19782, 19784, 19786, 19789, 19790, 19795, 19796, 19797;
		setarray .@p[240], 19799, 19800, 19802, 19803, 19804, 19806, 19807, 19808, 19809, 19811, 19812, 19813, 19814, 19815, 19816, 19818, 19820, 19822, 19824, 19825, 19827, 19828, 19829, 19831, 19832, 19833, 19834, 19835, 19836, 19839, 19841, 19842, 19843, 19844, 19845, 19847, 19848, 19851, 19852, 19854;
		setarray .@p[280], 19855, 19856, 19857, 19858, 19859, 19860, 19861, 19862, 19863, 19865, 19866, 19867, 19868, 19869, 19870, 19873, 19874, 19876, 19878, 19879, 19880, 19883, 19884, 19890, 19891, 19892, 19893, 19894, 19895, 19896, 19897, 19898, 19899, 19901, 19903, 19904, 19906, 19907, 19908, 19909;
		setarray .@p[320], 19910, 19911, 19913, 19914, 19915, 19916, 19917, 19922, 19923, 19926, 19927, 19929, 19930, 19931, 19932, 19933, 19934, 19935, 19936, 19937, 19939, 19941, 19942, 19944, 19945, 19946, 19948, 19949, 19950, 19953, 19955, 19956, 19957, 19958, 19959, 19960, 19961, 19962, 19963, 19964;
		setarray .@p[360], 19965, 19966, 19967, 19968, 19969, 19970, 19971, 19972, 19973, 19974, 19975, 19976, 19977, 19978, 19979, 19980, 19982, 19983, 19984, 19985, 19986, 19987, 19988, 19990, 19991, 19994, 19997, 19998, 19999, 20000, 20001, 20002, 20003, 20005, 20007, 20008, 20009, 20011, 20012, 20013;
		setarray .@p[400], 20014, 20016, 20017, 20018, 20019, 20020, 20021, 20023, 20024, 20025, 20026, 20027, 20028, 20031, 20032, 20033, 20036, 20037, 20038, 20040, 20041, 20042, 20044, 20045, 20046, 20048, 20049, 20050, 20051, 20052, 20053, 20055, 20056, 20057, 20058, 20060, 20063, 20064, 20065, 20066;
		setarray .@p[440], 20067, 20068, 20069, 20070, 20072, 20073, 20074, 20075, 20076, 20078, 20079, 20080, 20081, 20082, 20083, 20084, 20085, 20086, 20087, 20088, 20089, 20090, 20092, 20093, 20094, 20095, 20096, 20097, 20098, 20099, 20100, 20101, 20103, 20104, 20105, 20106, 20109, 20110, 20111, 20112;
		setarray .@p[480], 20113, 20114, 20117, 20118, 20119, 20120, 20121, 20122, 20127, 20128, 20129, 20130, 20133, 20134, 20135, 20137, 20138, 20139, 20140, 20148, 20151, 20153, 20155, 20157, 20158, 20159, 20160, 20161, 20164, 20165, 20167, 20170, 20171, 20172, 20173, 20174, 20175, 20177, 20178, 20179;
		setarray .@p[520], 20180, 20181, 20182, 20184, 20185, 20186, 20187, 20188, 20189, 20190, 20191, 20194, 20196, 20197, 20198, 20199, 20200, 20203, 20204, 20205, 20207, 20208, 20212, 20214, 20216, 20217, 20218, 20219, 20222, 20224, 20225, 20226, 20227, 20228, 20229, 20231, 20232, 20233, 20236, 20237;
		setarray .@p[560], 20238, 20241, 20242, 20243, 20245, 20247, 20248, 20249, 20250, 20251, 20252, 20253, 20254, 20256, 20257, 20258, 20260, 20261, 20262, 20263, 20265, 20266, 20267, 20268, 20269, 20271, 20272, 20273, 20274, 20275, 20276, 20277, 20278, 20281, 20282, 20283, 20284, 20287, 20288, 20290;
		setarray .@p[600], 20292, 20293, 20294, 20296, 20297, 20301, 20302, 20303, 20304, 20306, 20308, 20316, 20317, 20320, 20322, 20324, 20327, 20329, 20330, 20331, 20332, 20333, 20334, 20338, 20339, 20346, 20347, 20348, 20371, 20372, 20373, 20374, 20375, 20377, 20378, 20380, 20381, 20382, 20383, 20384;
		setarray .@p[640], 20386, 20387, 20388, 20394, 20395, 20396, 20398, 20401, 20402, 20403, 20408, 20409, 20410, 20411, 20412, 20413, 20414, 20415, 20431, 20432, 20433, 20434, 20435, 20436, 20437, 20442, 20443, 20444, 20445, 20446, 20447, 20449, 20450, 20451, 20452, 20453, 20454, 20455, 20456, 20458;
		setarray .@p[680], 20460, 20463, 20464, 20466, 20467, 20469, 20470, 20471, 20472, 20473, 20474, 20475, 20477, 20478, 20480, 20482, 20483, 20484, 20485, 20489, 20490, 20491, 20494, 20495, 20496, 20498, 20499, 20508, 31027, 31028, 31031, 31032, 31034, 31035, 31036, 31037, 31038, 31039, 31040, 31041;
		setarray .@p[720], 31042, 31043, 31044, 31046, 31048, 31049, 31050, 31051, 31053, 31054, 31058, 31059, 31060, 31061, 31062, 31090, 31091, 31092, 31094, 31095, 31097, 31098, 31099, 31100, 31101, 31102, 31103, 31104, 31105, 31108, 31109, 31110, 31111, 31112, 31113, 31114, 31115, 31116, 31119, 31123;
		setarray .@p[760], 31124, 31125, 31126, 31127, 31130, 31131, 31132, 31135, 31136, 31137, 31138, 31139, 31140, 31141, 31143, 31144, 31145, 31147, 31148, 31149, 31150, 31151, 31153, 31154, 31156, 31157, 31158, 31159, 31160, 31163, 31165, 31166, 31169, 31170, 31171, 31173, 31174, 31175, 31176, 31177;
		setarray .@p[800], 31179, 31180, 31182, 31183, 31185, 31188, 31190, 31191, 31192, 31193, 31194, 31195, 31196, 31197, 31198, 31200, 31201, 31202, 31204, 31238, 31239, 31240, 31242, 31244, 31245, 31246, 31247, 31248, 31249, 31252, 31253, 31259, 31263, 31290, 31291, 31293, 31294, 31295, 31297, 31298;
		setarray .@p[840], 31303, 31306, 31307, 31309, 31312, 31314, 31317, 31318, 31320, 31321, 31322, 31323, 31324, 31326, 31328, 31329, 31331, 31332, 31357, 31362, 31363, 31364, 31365, 31366, 31367, 31368, 31369, 31370, 31371, 31372, 31373, 31376, 31378, 31379, 31382, 31385, 31387, 31388, 31389, 31390;
		setarray .@p[880], 31392, 31394, 31396, 31397, 31400, 31402, 31405, 31406, 31407, 31408, 31410, 31411, 31412, 31413, 31414, 31417, 31419, 31420, 31430, 31431, 31433, 31434, 31435, 31436, 31439, 31440, 31441, 31443, 31444, 31445, 31447, 31448, 31451, 31456, 31457, 31459, 31464, 31465, 31466, 31467;
		setarray .@p[920], 31468, 31471, 31475, 31476, 31481, 31484, 31485, 31489, 31494, 31495, 31496, 31499, 31501, 31502, 31504, 31506, 31507, 31508, 31509, 31513, 31516, 31518, 31519, 31520, 31521, 31522, 31523, 31524, 31525, 31526, 31528, 31529, 31530, 31531, 31535, 31536, 31537, 31539, 31541, 31543;
		setarray .@p[960], 31546, 31547, 31555, 31556, 31560, 31562, 31564, 31565, 31571, 31573, 31576, 31577, 31579, 31581, 31582, 31587, 31588, 31589, 31591, 31592, 31595, 31596, 31597, 31598, 31602, 31603, 31604, 31605, 31606, 31607, 31610, 31612, 31613, 31622, 31623, 31624, 31627, 31628, 31631, 31632;
		setarray .@p[1000], 31633, 31634, 31661, 31662, 31663, 31664, 31665, 31666, 31667, 31668, 31674, 31675, 31680, 31681, 31683, 31690, 31696, 31697, 31702, 31703, 31704, 31705, 31707, 31708, 31709, 31710, 31711, 31713, 31714, 31720, 31721, 31722, 31723, 31724, 31725, 31727, 31728, 31733, 31736, 31765;
		setarray .@p[1040], 31766, 31767, 31769, 31770, 31771, 31772, 31773, 31774, 31775, 31776, 31777, 31778, 31779, 31780, 31781, 31783, 31784, 31786, 31788, 31789, 31790, 31792, 31794, 31796, 31799, 31800, 31801, 31802, 31804, 31805, 31806, 31807, 31808, 31809, 31810, 31811, 31812, 31815, 31818, 31820;
		setarray .@p[1080], 31821, 31822, 31826, 31829, 31832, 31836, 31837, 31838, 31840, 31841, 31842, 31845, 31848, 31849, 31850, 31866, 31867, 31868, 31869, 31870, 31871, 31872, 31873, 31884, 31886, 31888, 31889, 31890, 31891, 31892, 31893, 31894, 31895, 31896, 31897, 31898, 31899, 31900, 31901, 31903;
		setarray .@p[1120], 31904, 31906, 31907, 31908, 31909, 31912, 31913, 31914, 31918, 31919, 31920, 31925, 31926, 31928, 31929, 31935, 31937, 31939, 31941, 31943, 31945, 31950, 31952, 31955, 31956, 31974, 31976, 31977, 31978, 31979, 31980, 400020, 400046, 400055, 400074, 400080, 400081, 400091, 400092, 400093;
		setarray .@p[1160], 400103, 400115, 400124, 400126, 400128, 400129, 400131, 400132, 400133, 400136, 400143, 400144, 400147, 400157, 400158, 400159, 400160, 400161, 400162, 400163, 400165, 400166, 400167, 400168, 400169, 400170, 400172, 400174, 400175, 400176, 400182, 400183, 400184, 400185, 400186, 400188, 400193, 400195, 400196, 400197;
		setarray .@p[1200], 400204, 400205, 400206, 400207, 400208, 400209, 400210, 400211, 400212, 400214, 400221, 400223, 400224, 400225, 400232, 400250, 400251, 400252, 400253, 400254, 400256, 400259, 400260, 400269, 400270, 400271, 400272, 400277, 400278, 400280, 400289, 400290, 400292, 400305, 400309, 400310, 400311, 400312, 400313, 400314;
		setarray .@p[1240], 400315, 400319, 400320, 400321, 400325, 400326, 400341, 400342, 400343, 400347, 400348, 400349, 400350, 400351, 400354, 400355, 400356, 400357, 400358, 400363, 400365, 400366, 400367, 400369, 400370, 400372, 400373, 400397, 400398, 400402, 400404, 400405, 400406, 400407, 400414, 400415, 400422, 400424, 400426, 400428;
		setarray .@p[1280], 400429, 400430, 400431, 400432, 400434, 400435, 400436, 400439, 400444, 400446, 400448, 400449, 400450, 400451, 400452, 400458, 400459, 400460, 400461, 400462, 400466, 400471, 400475, 400480, 400484, 400485, 400495, 400496, 400497, 400502, 400503, 400504, 400509, 400510, 400516, 400517, 400518, 400519, 400520, 400557;
		setarray .@p[1320], 400558, 400565, 400567, 400585, 400588, 400594, 400595, 400596, 400599, 400600, 400604, 400605, 400606, 400607, 400633, 400634, 400635, 400656, 400657, 400664, 400670, 400671, 400682, 400683, 400684, 400692, 400693, 400703, 400704, 400708, 400709, 400712, 400716, 400717, 400725, 400727, 400728, 400729, 400730, 400739;
		setarray .@p[1360], 400741, 400743, 400744, 400745, 400746, 400747, 400748, 400749, 400751, 400752, 400754, 400755, 400760, 400788, 400789, 400792, 400793, 400794, 400795, 400799, 400801, 400803, 400818, 400898, 400899, 400900, 400901, 400914, 400918, 400919, 400920, 400921, 400930, 400931, 400932, 400951, 400952, 400953, 400956, 400963;
		setarray .@p[1400], 400964, 400965, 400993, 400994, 401000, 401001, 401014, 401015, 401016, 401046, 401062, 401113, 401114, 401148, 401194, 401196, 401207, 401213, 401246, 401247, 401248, 401294, 401300, 401303, 401320, 410255, 410293, 420015, 420593, 480596;
	}
	else if (.@s == 2) {
		setarray .@p[0], 5911, 5912, 5913, 15840, 15877, 15953, 18742, 18744, 19158, 19289, 19291, 19293, 19509, 19510, 19511, 19512, 19542, 19550, 19551, 19583, 19609, 19611, 19621, 19624, 19644, 19669, 19679, 19722, 19734, 19735, 19742, 19752, 19755, 19765, 19769, 19776, 19781, 19787, 19788, 19810;
		setarray .@p[40], 19826, 19830, 19846, 19853, 19871, 19877, 19885, 19886, 19887, 19888, 19889, 19900, 19912, 19925, 19954, 19989, 19995, 20010, 20039, 20047, 20077, 20108, 20115, 20116, 20123, 20124, 20125, 20131, 20136, 20141, 20142, 20144, 20145, 20146, 20147, 20149, 20154, 20209, 20213, 20215;
		setarray .@p[80], 20221, 20246, 20255, 20270, 20286, 20289, 20295, 20298, 20311, 20312, 20314, 20318, 20319, 20321, 20325, 20335, 20345, 20376, 20379, 20389, 20399, 20404, 20406, 20430, 20459, 20461, 20465, 20479, 20486, 20488, 20493, 31047, 31089, 31096, 31106, 31107, 31120, 31122, 31133, 31146;
		setarray .@p[120], 31155, 31167, 31168, 31184, 31186, 31187, 31203, 31234, 31235, 31236, 31243, 31250, 31258, 31260, 31262, 31265, 31266, 31267, 31268, 31269, 31270, 31271, 31272, 31273, 31274, 31275, 31276, 31277, 31278, 31279, 31280, 31281, 31282, 31283, 31284, 31285, 31286, 31287, 31288, 31299;
		setarray .@p[160], 31301, 31302, 31308, 31310, 31313, 31327, 31333, 31334, 31335, 31336, 31337, 31338, 31339, 31340, 31341, 31342, 31343, 31344, 31345, 31346, 31347, 31348, 31349, 31350, 31351, 31352, 31353, 31354, 31355, 31356, 31359, 31361, 31375, 31380, 31384, 31391, 31398, 31399, 31403, 31416;
		setarray .@p[200], 31437, 31442, 31449, 31452, 31461, 31462, 31463, 31472, 31480, 31483, 31486, 31487, 31488, 31491, 31497, 31512, 31514, 31515, 31517, 31527, 31532, 31534, 31538, 31540, 31542, 31550, 31552, 31553, 31554, 31561, 31563, 31568, 31570, 31574, 31580, 31600, 31601, 31609, 31614, 31615;
		setarray .@p[240], 31617, 31618, 31619, 31620, 31669, 31673, 31682, 31686, 31687, 31688, 31692, 31699, 31706, 31715, 31716, 31718, 31734, 31738, 31739, 31740, 31741, 31742, 31743, 31744, 31745, 31746, 31747, 31748, 31749, 31750, 31751, 31752, 31753, 31754, 31755, 31756, 31757, 31758, 31759, 31760;
		setarray .@p[280], 31761, 31763, 31764, 31785, 31787, 31795, 31798, 31813, 31814, 31823, 31824, 31830, 31839, 31843, 31847, 31851, 31853, 31854, 31902, 31911, 31923, 31924, 31930, 31931, 31934, 31940, 31942, 31946, 31947, 31948, 31949, 31953, 31954, 31973, 400104, 400173, 400403, 400491, 400756, 400913;
		setarray .@p[320], 401295, 410005, 410006, 410011, 410021, 410022, 410029, 410030, 410031, 410032, 410033, 410034, 410035, 410036, 410037, 410038, 410039, 410040, 410041, 410042, 410043, 410044, 410045, 410047, 410048, 410049, 410050, 410051, 410053, 410054, 410055, 410056, 410059, 410060, 410061, 410062, 410063, 410068, 410069, 410072;
		setarray .@p[360], 410073, 410074, 410075, 410076, 410077, 410078, 410081, 410082, 410083, 410086, 410087, 410095, 410098, 410099, 410103, 410104, 410105, 410107, 410108, 410111, 410112, 410113, 410114, 410115, 410116, 410117, 410118, 410121, 410122, 410123, 410126, 410128, 410131, 410132, 410133, 410138, 410143, 410144, 410145, 410146;
		setarray .@p[400], 410147, 410148, 410149, 410154, 410155, 410156, 410157, 410160, 410167, 410168, 410169, 410170, 410171, 410178, 410179, 410182, 410187, 410188, 410189, 410190, 410191, 410192, 410193, 410194, 410195, 410196, 410198, 410199, 410200, 410201, 410202, 410205, 410206, 410212, 410214, 410217, 410218, 410219, 410220, 410221;
		setarray .@p[440], 410222, 410223, 410224, 410226, 410228, 410229, 410230, 410234, 410236, 410238, 410239, 410240, 410241, 410242, 410245, 410248, 410251, 410252, 410253, 410257, 410258, 410261, 410262, 410263, 410264, 410266, 410267, 410268, 410276, 410277, 410278, 410281, 410282, 410283, 410286, 410288, 410289, 410290, 410292, 410296;
		setarray .@p[480], 410297, 410300, 410301, 410308, 410309, 410310, 410311, 410312, 410315, 410316, 410317, 410318, 410319, 410324, 410325, 410326, 410328, 410329, 410330, 410331, 410338, 410343, 410350, 410351, 410352, 410353, 410357, 410358, 410359, 410360, 410361, 410364, 410367, 410368, 410370, 410371, 410384, 410385, 410387, 410388;
		setarray .@p[520], 410392, 410393, 410396, 410397, 410399, 410429, 410430, 410441, 410442, 410447, 410448, 410456, 410457, 410458, 410470, 410471, 410474, 410485, 410487, 410489, 410491, 410508, 410556, 410574, 410576, 410582, 420016, 420293, 420294, 420295, 420296, 420297, 420298, 420299, 420300, 420432, 420596, 480200;
	}
	else if (.@s == 3) {
		setarray .@p[0], 5977, 15954, 19287, 19459, 19513, 19514, 19528, 19541, 19552, 19553, 19566, 19584, 19605, 19606, 19634, 19636, 19651, 19672, 19683, 19692, 19713, 19726, 19764, 19770, 19783, 19785, 19798, 19805, 19817, 19902, 19940, 19947, 19952, 19981, 19992, 19993, 20015, 20022, 20029, 20030;
		setarray .@p[40], 20034, 20035, 20043, 20054, 20061, 20071, 20091, 20107, 20132, 20143, 20150, 20156, 20169, 20192, 20193, 20201, 20202, 20223, 20235, 20239, 20259, 20264, 20279, 20280, 20285, 20305, 20307, 20310, 20313, 20315, 20323, 20326, 20328, 20336, 20340, 20341, 20342, 20344, 20349, 20350;
		setarray .@p[80], 20351, 20352, 20353, 20354, 20355, 20356, 20357, 20358, 20359, 20360, 20361, 20362, 20363, 20364, 20365, 20366, 20367, 20368, 20369, 20370, 20400, 20405, 20407, 20416, 20417, 20418, 20419, 20420, 20421, 20422, 20423, 20424, 20425, 20426, 20427, 20428, 20429, 20438, 20440, 20441;
		setarray .@p[120], 20448, 20457, 20462, 20476, 20487, 20492, 20497, 20798, 31029, 31045, 31055, 31057, 31063, 31064, 31065, 31066, 31067, 31068, 31069, 31070, 31071, 31072, 31073, 31074, 31075, 31076, 31077, 31078, 31079, 31080, 31081, 31082, 31083, 31084, 31085, 31086, 31087, 31093, 31121, 31134;
		setarray .@p[160], 31142, 31152, 31162, 31164, 31178, 31181, 31189, 31199, 31208, 31209, 31210, 31211, 31212, 31213, 31214, 31215, 31216, 31217, 31218, 31219, 31220, 31221, 31222, 31223, 31224, 31225, 31226, 31227, 31228, 31229, 31230, 31231, 31232, 31233, 31237, 31241, 31251, 31257, 31261, 31264;
		setarray .@p[200], 31289, 31296, 31300, 31304, 31305, 31315, 31319, 31330, 31360, 31374, 31377, 31381, 31383, 31386, 31393, 31395, 31404, 31418, 31421, 31422, 31423, 31424, 31425, 31426, 31427, 31428, 31429, 31432, 31438, 31446, 31450, 31453, 31454, 31458, 31460, 31469, 31470, 31473, 31474, 31477;
		setarray .@p[240], 31478, 31479, 31482, 31490, 31492, 31493, 31498, 31500, 31503, 31510, 31511, 31533, 31544, 31545, 31548, 31549, 31551, 31559, 31566, 31567, 31569, 31572, 31575, 31583, 31584, 31585, 31586, 31590, 31593, 31594, 31599, 31611, 31616, 31625, 31626, 31630, 31635, 31636, 31637, 31638;
		setarray .@p[280], 31639, 31640, 31641, 31642, 31643, 31644, 31645, 31646, 31647, 31648, 31649, 31650, 31651, 31652, 31653, 31654, 31655, 31656, 31657, 31658, 31659, 31660, 31670, 31671, 31672, 31676, 31677, 31678, 31679, 31684, 31685, 31689, 31691, 31693, 31694, 31695, 31698, 31700, 31701, 31712;
		setarray .@p[320], 31717, 31719, 31726, 31729, 31730, 31731, 31732, 31735, 31762, 31768, 31791, 31793, 31797, 31803, 31816, 31817, 31819, 31825, 31827, 31831, 31833, 31834, 31835, 31844, 31846, 31852, 31855, 31856, 31857, 31858, 31859, 31860, 31861, 31862, 31863, 31864, 31865, 31874, 31875, 31876;
		setarray .@p[360], 31877, 31878, 31879, 31880, 31881, 31882, 31883, 31885, 31887, 31905, 31910, 31915, 31916, 31921, 31922, 31927, 31932, 31933, 31936, 31938, 31944, 31951, 31958, 31959, 31960, 31961, 31962, 31963, 31964, 31965, 31966, 31967, 31968, 31969, 31970, 31971, 31972, 31975, 400056, 400057;
		setarray .@p[400], 400076, 400100, 400148, 400258, 400327, 400423, 400425, 400427, 400655, 400757, 400761, 400762, 400767, 410265, 410320, 410440, 420010, 420011, 420014, 420023, 420024, 420025, 420026, 420027, 420029, 420033, 420034, 420035, 420036, 420037, 420038, 420039, 420040, 420041, 420042, 420043, 420044, 420046, 420047, 420048;
		setarray .@p[440], 420050, 420051, 420052, 420053, 420054, 420056, 420057, 420058, 420059, 420060, 420061, 420062, 420063, 420067, 420069, 420070, 420071, 420072, 420073, 420075, 420077, 420078, 420079, 420081, 420082, 420083, 420084, 420085, 420086, 420088, 420091, 420092, 420094, 420095, 420096, 420097, 420098, 420099, 420100, 420101;
		setarray .@p[480], 420102, 420103, 420104, 420107, 420108, 420109, 420111, 420113, 420114, 420115, 420116, 420117, 420118, 420119, 420120, 420121, 420122, 420123, 420124, 420125, 420126, 420127, 420128, 420132, 420133, 420140, 420150, 420151, 420152, 420156, 420159, 420161, 420162, 420163, 420165, 420168, 420169, 420170, 420171, 420172;
		setarray .@p[520], 420177, 420181, 420185, 420190, 420191, 420192, 420193, 420195, 420196, 420197, 420201, 420204, 420205, 420206, 420207, 420208, 420209, 420211, 420212, 420214, 420218, 420219, 420221, 420222, 420224, 420232, 420233, 420237, 420240, 420241, 420244, 420254, 420255, 420264, 420273, 420274, 420275, 420276, 420277, 420278;
		setarray .@p[560], 420279, 420280, 420281, 420282, 420283, 420284, 420285, 420286, 420287, 420288, 420289, 420290, 420291, 420292, 420303, 420305, 420307, 420317, 420319, 420320, 420321, 420325, 420333, 420335, 420336, 420340, 420341, 420344, 420345, 420346, 420347, 420349, 420350, 420351, 420353, 420354, 420357, 420358, 420359, 420360;
		setarray .@p[600], 420365, 420366, 420367, 420376, 420377, 420382, 420383, 420385, 420393, 420394, 420395, 420396, 420397, 420398, 420399, 420400, 420401, 420402, 420403, 420404, 420405, 420406, 420407, 420408, 420409, 420410, 420411, 420412, 420413, 420414, 420415, 420416, 420417, 420418, 420419, 420420, 420421, 420426, 420433, 420434;
		setarray .@p[640], 420435, 420439, 420440, 420447, 420448, 420449, 420499, 420500, 420501, 420514, 420515, 420516, 420524, 420525, 420532, 420545, 420546, 420547, 420553, 420554, 420570, 420571, 420575, 420594, 420595, 420602, 420618, 420642, 420647, 420648, 420649, 420650, 420702, 420703, 420726, 420727, 420728, 420729, 420730, 420743;
		setarray .@p[680], 420747, 420750, 420751, 420774, 420775, 420776, 480469, 490242;
	}
	else {
		setarray .@p[0], 5909, 5911, 5912, 5913, 5915, 5977, 5980, 5981, 15825, 15836, 15838, 15839, 15840, 15841, 15842, 15843, 15844, 15846, 15847, 15851, 15853, 15854, 15858, 15875, 15876, 15877, 15881, 15882, 15888, 15889, 15890, 15893, 15894, 15899, 15904, 15905, 15925, 15926, 15952, 15953;
		setarray .@p[40], 15954, 18740, 18741, 18742, 18743, 18744, 18921, 19015, 19158, 19287, 19288, 19289, 19290, 19291, 19292, 19293, 19294, 19403, 19459, 19464, 19466, 19472, 19507, 19509, 19510, 19511, 19512, 19513, 19514, 19515, 19516, 19517, 19518, 19519, 19520, 19521, 19522, 19523, 19524, 19525;
		setarray .@p[80], 19526, 19527, 19528, 19529, 19530, 19532, 19533, 19535, 19536, 19537, 19538, 19541, 19542, 19543, 19544, 19545, 19546, 19547, 19548, 19549, 19550, 19551, 19552, 19553, 19557, 19558, 19559, 19560, 19565, 19566, 19568, 19569, 19570, 19571, 19572, 19573, 19575, 19576, 19577, 19579;
		setarray .@p[120], 19581, 19582, 19583, 19584, 19585, 19586, 19587, 19588, 19589, 19590, 19591, 19592, 19593, 19594, 19595, 19596, 19597, 19599, 19600, 19601, 19605, 19606, 19607, 19608, 19609, 19611, 19613, 19614, 19616, 19617, 19618, 19619, 19620, 19621, 19622, 19623, 19624, 19625, 19627, 19628;
		setarray .@p[160], 19629, 19630, 19631, 19632, 19633, 19634, 19635, 19636, 19637, 19639, 19640, 19643, 19644, 19645, 19646, 19647, 19648, 19649, 19650, 19651, 19652, 19653, 19654, 19655, 19656, 19657, 19658, 19659, 19660, 19661, 19662, 19663, 19664, 19665, 19666, 19667, 19668, 19669, 19670, 19671;
		setarray .@p[200], 19672, 19675, 19676, 19677, 19678, 19679, 19681, 19682, 19683, 19684, 19685, 19686, 19687, 19688, 19690, 19691, 19692, 19693, 19694, 19695, 19696, 19697, 19698, 19699, 19700, 19701, 19702, 19703, 19704, 19705, 19706, 19707, 19708, 19709, 19711, 19712, 19713, 19714, 19715, 19716;
		setarray .@p[240], 19717, 19718, 19719, 19720, 19721, 19722, 19723, 19724, 19726, 19727, 19728, 19729, 19730, 19731, 19733, 19734, 19735, 19737, 19738, 19739, 19740, 19741, 19742, 19744, 19745, 19749, 19750, 19751, 19752, 19753, 19755, 19757, 19758, 19759, 19761, 19762, 19763, 19764, 19765, 19766;
		setarray .@p[280], 19767, 19768, 19769, 19770, 19771, 19772, 19773, 19774, 19776, 19777, 19778, 19779, 19780, 19781, 19782, 19783, 19784, 19785, 19786, 19787, 19788, 19789, 19790, 19795, 19796, 19797, 19798, 19799, 19800, 19802, 19803, 19804, 19805, 19806, 19807, 19808, 19809, 19810, 19811, 19812;
		setarray .@p[320], 19813, 19814, 19815, 19816, 19817, 19818, 19820, 19822, 19824, 19825, 19826, 19827, 19828, 19829, 19830, 19831, 19832, 19833, 19834, 19835, 19836, 19839, 19841, 19842, 19843, 19844, 19845, 19846, 19847, 19848, 19851, 19852, 19853, 19854, 19855, 19856, 19857, 19858, 19859, 19860;
		setarray .@p[360], 19861, 19862, 19863, 19865, 19866, 19867, 19868, 19869, 19870, 19871, 19873, 19874, 19876, 19877, 19878, 19879, 19880, 19883, 19884, 19885, 19886, 19887, 19888, 19889, 19890, 19891, 19892, 19893, 19894, 19895, 19896, 19897, 19898, 19899, 19900, 19901, 19902, 19903, 19904, 19906;
		setarray .@p[400], 19907, 19908, 19909, 19910, 19911, 19912, 19913, 19914, 19915, 19916, 19917, 19922, 19923, 19925, 19926, 19927, 19929, 19930, 19931, 19932, 19933, 19934, 19935, 19936, 19937, 19939, 19940, 19941, 19942, 19944, 19945, 19946, 19947, 19948, 19949, 19950, 19952, 19953, 19954, 19955;
		setarray .@p[440], 19956, 19957, 19958, 19959, 19960, 19961, 19962, 19963, 19964, 19965, 19966, 19967, 19968, 19969, 19970, 19971, 19972, 19973, 19974, 19975, 19976, 19977, 19978, 19979, 19980, 19981, 19982, 19983, 19984, 19985, 19986, 19987, 19988, 19989, 19990, 19991, 19992, 19993, 19994, 19995;
		setarray .@p[480], 19997, 19998, 19999, 20000, 20001, 20002, 20003, 20005, 20007, 20008, 20009, 20010, 20011, 20012, 20013, 20014, 20015, 20016, 20017, 20018, 20019, 20020, 20021, 20022, 20023, 20024, 20025, 20026, 20027, 20028, 20029, 20030, 20031, 20032, 20033, 20034, 20035, 20036, 20037, 20038;
		setarray .@p[520], 20039, 20040, 20041, 20042, 20043, 20044, 20045, 20046, 20047, 20048, 20049, 20050, 20051, 20052, 20053, 20054, 20055, 20056, 20057, 20058, 20060, 20061, 20063, 20064, 20065, 20066, 20067, 20068, 20069, 20070, 20071, 20072, 20073, 20074, 20075, 20076, 20077, 20078, 20079, 20080;
		setarray .@p[560], 20081, 20082, 20083, 20084, 20085, 20086, 20087, 20088, 20089, 20090, 20091, 20092, 20093, 20094, 20095, 20096, 20097, 20098, 20099, 20100, 20101, 20103, 20104, 20105, 20106, 20107, 20108, 20109, 20110, 20111, 20112, 20113, 20114, 20115, 20116, 20117, 20118, 20119, 20120, 20121;
		setarray .@p[600], 20122, 20123, 20124, 20125, 20127, 20128, 20129, 20130, 20131, 20132, 20133, 20134, 20135, 20136, 20137, 20138, 20139, 20140, 20141, 20142, 20143, 20144, 20145, 20146, 20147, 20148, 20149, 20150, 20151, 20153, 20154, 20155, 20156, 20157, 20158, 20159, 20160, 20161, 20164, 20165;
		setarray .@p[640], 20167, 20169, 20170, 20171, 20172, 20173, 20174, 20175, 20177, 20178, 20179, 20180, 20181, 20182, 20184, 20185, 20186, 20187, 20188, 20189, 20190, 20191, 20192, 20193, 20194, 20196, 20197, 20198, 20199, 20200, 20201, 20202, 20203, 20204, 20205, 20207, 20208, 20209, 20212, 20213;
		setarray .@p[680], 20214, 20215, 20216, 20217, 20218, 20219, 20221, 20222, 20223, 20224, 20225, 20226, 20227, 20228, 20229, 20231, 20232, 20233, 20235, 20236, 20237, 20238, 20239, 20241, 20242, 20243, 20245, 20246, 20247, 20248, 20249, 20250, 20251, 20252, 20253, 20254, 20255, 20256, 20257, 20258;
		setarray .@p[720], 20259, 20260, 20261, 20262, 20263, 20264, 20265, 20266, 20267, 20268, 20269, 20270, 20271, 20272, 20273, 20274, 20275, 20276, 20277, 20278, 20279, 20280, 20281, 20282, 20283, 20284, 20285, 20286, 20287, 20288, 20289, 20290, 20292, 20293, 20294, 20295, 20296, 20297, 20298, 20301;
		setarray .@p[760], 20302, 20303, 20304, 20305, 20306, 20307, 20308, 20310, 20311, 20312, 20313, 20314, 20315, 20316, 20317, 20318, 20319, 20320, 20321, 20322, 20323, 20324, 20325, 20326, 20327, 20328, 20329, 20330, 20331, 20332, 20333, 20334, 20335, 20336, 20338, 20339, 20340, 20341, 20342, 20344;
		setarray .@p[800], 20345, 20346, 20347, 20348, 20349, 20350, 20351, 20352, 20353, 20354, 20355, 20356, 20357, 20358, 20359, 20360, 20361, 20362, 20363, 20364, 20365, 20366, 20367, 20368, 20369, 20370, 20371, 20372, 20373, 20374, 20375, 20376, 20377, 20378, 20379, 20380, 20381, 20382, 20383, 20384;
		setarray .@p[840], 20386, 20387, 20388, 20389, 20394, 20395, 20396, 20398, 20399, 20400, 20401, 20402, 20403, 20404, 20405, 20406, 20407, 20408, 20409, 20410, 20411, 20412, 20413, 20414, 20415, 20416, 20417, 20418, 20419, 20420, 20421, 20422, 20423, 20424, 20425, 20426, 20427, 20428, 20429, 20430;
		setarray .@p[880], 20431, 20432, 20433, 20434, 20435, 20436, 20437, 20438, 20440, 20441, 20442, 20443, 20444, 20445, 20446, 20447, 20448, 20449, 20450, 20451, 20452, 20453, 20454, 20455, 20456, 20457, 20458, 20459, 20460, 20461, 20462, 20463, 20464, 20465, 20466, 20467, 20469, 20470, 20471, 20472;
		setarray .@p[920], 20473, 20474, 20475, 20476, 20477, 20478, 20479, 20480, 20482, 20483, 20484, 20485, 20486, 20487, 20488, 20489, 20490, 20491, 20492, 20493, 20494, 20495, 20496, 20497, 20498, 20499, 20501, 20502, 20503, 20504, 20505, 20507, 20508, 20509, 20510, 20511, 20512, 20513, 20514, 20516;
		setarray .@p[960], 20517, 20518, 20521, 20523, 20525, 20526, 20527, 20528, 20529, 20530, 20533, 20534, 20536, 20539, 20541, 20542, 20543, 20545, 20546, 20570, 20571, 20572, 20573, 20574, 20575, 20576, 20577, 20578, 20579, 20580, 20581, 20582, 20584, 20585, 20586, 20587, 20588, 20589, 20590, 20591;
		setarray .@p[1000], 20592, 20593, 20594, 20595, 20596, 20597, 20598, 20599, 20602, 20603, 20604, 20605, 20606, 20607, 20612, 20613, 20614, 20615, 20616, 20617, 20618, 20619, 20620, 20621, 20622, 20623, 20624, 20625, 20626, 20627, 20628, 20629, 20727, 20737, 20746, 20761, 20762, 20763, 20764, 20765;
		setarray .@p[1040], 20798, 20985, 20987, 20988, 20989, 20992, 31027, 31028, 31029, 31031, 31032, 31034, 31035, 31036, 31037, 31038, 31039, 31040, 31041, 31042, 31043, 31044, 31045, 31046, 31047, 31048, 31049, 31050, 31051, 31053, 31054, 31055, 31057, 31058, 31059, 31060, 31061, 31062, 31063, 31064;
		setarray .@p[1080], 31065, 31066, 31067, 31068, 31069, 31070, 31071, 31072, 31073, 31074, 31075, 31076, 31077, 31078, 31079, 31080, 31081, 31082, 31083, 31084, 31085, 31086, 31087, 31089, 31090, 31091, 31092, 31093, 31094, 31095, 31096, 31097, 31098, 31099, 31100, 31101, 31102, 31103, 31104, 31105;
		setarray .@p[1120], 31106, 31107, 31108, 31109, 31110, 31111, 31112, 31113, 31114, 31115, 31116, 31119, 31120, 31121, 31122, 31123, 31124, 31125, 31126, 31127, 31130, 31131, 31132, 31133, 31134, 31135, 31136, 31137, 31138, 31139, 31140, 31141, 31142, 31143, 31144, 31145, 31146, 31147, 31148, 31149;
		setarray .@p[1160], 31150, 31151, 31152, 31153, 31154, 31155, 31156, 31157, 31158, 31159, 31160, 31162, 31163, 31164, 31165, 31166, 31167, 31168, 31169, 31170, 31171, 31173, 31174, 31175, 31176, 31177, 31178, 31179, 31180, 31181, 31182, 31183, 31184, 31185, 31186, 31187, 31188, 31189, 31190, 31191;
		setarray .@p[1200], 31192, 31193, 31194, 31195, 31196, 31197, 31198, 31199, 31200, 31201, 31202, 31203, 31204, 31208, 31209, 31210, 31211, 31212, 31213, 31214, 31215, 31216, 31217, 31218, 31219, 31220, 31221, 31222, 31223, 31224, 31225, 31226, 31227, 31228, 31229, 31230, 31231, 31232, 31233, 31234;
		setarray .@p[1240], 31235, 31236, 31237, 31238, 31239, 31240, 31241, 31242, 31243, 31244, 31245, 31246, 31247, 31248, 31249, 31250, 31251, 31252, 31253, 31257, 31258, 31259, 31260, 31261, 31262, 31263, 31264, 31265, 31266, 31267, 31268, 31269, 31270, 31271, 31272, 31273, 31274, 31275, 31276, 31277;
		setarray .@p[1280], 31278, 31279, 31280, 31281, 31282, 31283, 31284, 31285, 31286, 31287, 31288, 31289, 31290, 31291, 31293, 31294, 31295, 31296, 31297, 31298, 31299, 31300, 31301, 31302, 31303, 31304, 31305, 31306, 31307, 31308, 31309, 31310, 31312, 31313, 31314, 31315, 31317, 31318, 31319, 31320;
		setarray .@p[1320], 31321, 31322, 31323, 31324, 31326, 31327, 31328, 31329, 31330, 31331, 31332, 31333, 31334, 31335, 31336, 31337, 31338, 31339, 31340, 31341, 31342, 31343, 31344, 31345, 31346, 31347, 31348, 31349, 31350, 31351, 31352, 31353, 31354, 31355, 31356, 31357, 31359, 31360, 31361, 31362;
		setarray .@p[1360], 31363, 31364, 31365, 31366, 31367, 31368, 31369, 31370, 31371, 31372, 31373, 31374, 31375, 31376, 31377, 31378, 31379, 31380, 31381, 31382, 31383, 31384, 31385, 31386, 31387, 31388, 31389, 31390, 31391, 31392, 31393, 31394, 31395, 31396, 31397, 31398, 31399, 31400, 31402, 31403;
		setarray .@p[1400], 31404, 31405, 31406, 31407, 31408, 31410, 31411, 31412, 31413, 31414, 31416, 31417, 31418, 31419, 31420, 31421, 31422, 31423, 31424, 31425, 31426, 31427, 31428, 31429, 31430, 31431, 31432, 31433, 31434, 31435, 31436, 31437, 31438, 31439, 31440, 31441, 31442, 31443, 31444, 31445;
		setarray .@p[1440], 31446, 31447, 31448, 31449, 31450, 31451, 31452, 31453, 31454, 31456, 31457, 31458, 31459, 31460, 31461, 31462, 31463, 31464, 31465, 31466, 31467, 31468, 31469, 31470, 31471, 31472, 31473, 31474, 31475, 31476, 31477, 31478, 31479, 31480, 31481, 31482, 31483, 31484, 31485, 31486;
		setarray .@p[1480], 31487, 31488, 31489, 31490, 31491, 31492, 31493, 31494, 31495, 31496, 31497, 31498, 31499, 31500, 31501, 31502, 31503, 31504, 31506, 31507, 31508, 31509, 31510, 31511, 31512, 31513, 31514, 31515, 31516, 31517, 31518, 31519, 31520, 31521, 31522, 31523, 31524, 31525, 31526, 31527;
		setarray .@p[1520], 31528, 31529, 31530, 31531, 31532, 31533, 31534, 31535, 31536, 31537, 31538, 31539, 31540, 31541, 31542, 31543, 31544, 31545, 31546, 31547, 31548, 31549, 31550, 31551, 31552, 31553, 31554, 31555, 31556, 31559, 31560, 31561, 31562, 31563, 31564, 31565, 31566, 31567, 31568, 31569;
		setarray .@p[1560], 31570, 31571, 31572, 31573, 31574, 31575, 31576, 31577, 31579, 31580, 31581, 31582, 31583, 31584, 31585, 31586, 31587, 31588, 31589, 31590, 31591, 31592, 31593, 31594, 31595, 31596, 31597, 31598, 31599, 31600, 31601, 31602, 31603, 31604, 31605, 31606, 31607, 31609, 31610, 31611;
		setarray .@p[1600], 31612, 31613, 31614, 31615, 31616, 31617, 31618, 31619, 31620, 31622, 31623, 31624, 31625, 31626, 31627, 31628, 31630, 31631, 31632, 31633, 31634, 31635, 31636, 31637, 31638, 31639, 31640, 31641, 31642, 31643, 31644, 31645, 31646, 31647, 31648, 31649, 31650, 31651, 31652, 31653;
		setarray .@p[1640], 31654, 31655, 31656, 31657, 31658, 31659, 31660, 31661, 31662, 31663, 31664, 31665, 31666, 31667, 31668, 31669, 31670, 31671, 31672, 31673, 31674, 31675, 31676, 31677, 31678, 31679, 31680, 31681, 31682, 31683, 31684, 31685, 31686, 31687, 31688, 31689, 31690, 31691, 31692, 31693;
		setarray .@p[1680], 31694, 31695, 31696, 31697, 31698, 31699, 31700, 31701, 31702, 31703, 31704, 31705, 31706, 31707, 31708, 31709, 31710, 31711, 31712, 31713, 31714, 31715, 31716, 31717, 31718, 31719, 31720, 31721, 31722, 31723, 31724, 31725, 31726, 31727, 31728, 31729, 31730, 31731, 31732, 31733;
		setarray .@p[1720], 31734, 31735, 31736, 31737, 31738, 31739, 31740, 31741, 31742, 31743, 31744, 31745, 31746, 31747, 31748, 31749, 31750, 31751, 31752, 31753, 31754, 31755, 31756, 31757, 31758, 31759, 31760, 31761, 31762, 31763, 31764, 31765, 31766, 31767, 31768, 31769, 31770, 31771, 31772, 31773;
		setarray .@p[1760], 31774, 31775, 31776, 31777, 31778, 31779, 31780, 31781, 31783, 31784, 31785, 31786, 31787, 31788, 31789, 31790, 31791, 31792, 31793, 31794, 31795, 31796, 31797, 31798, 31799, 31800, 31801, 31802, 31803, 31804, 31805, 31806, 31807, 31808, 31809, 31810, 31811, 31812, 31813, 31814;
		setarray .@p[1800], 31815, 31816, 31817, 31818, 31819, 31820, 31821, 31822, 31823, 31824, 31825, 31826, 31827, 31829, 31830, 31831, 31832, 31833, 31834, 31835, 31836, 31837, 31838, 31839, 31840, 31841, 31842, 31843, 31844, 31845, 31846, 31847, 31848, 31849, 31850, 31851, 31852, 31853, 31854, 31855;
		setarray .@p[1840], 31856, 31857, 31858, 31859, 31860, 31861, 31862, 31863, 31864, 31865, 31866, 31867, 31868, 31869, 31870, 31871, 31872, 31873, 31874, 31875, 31876, 31877, 31878, 31879, 31880, 31881, 31882, 31883, 31884, 31885, 31886, 31887, 31888, 31889, 31890, 31891, 31892, 31893, 31894, 31895;
		setarray .@p[1880], 31896, 31897, 31898, 31899, 31900, 31901, 31902, 31903, 31904, 31905, 31906, 31907, 31908, 31909, 31910, 31911, 31912, 31913, 31914, 31915, 31916, 31917, 31918, 31919, 31920, 31921, 31922, 31923, 31924, 31925, 31926, 31927, 31928, 31929, 31930, 31931, 31932, 31933, 31934, 31935;
		setarray .@p[1920], 31936, 31937, 31938, 31939, 31940, 31941, 31942, 31943, 31944, 31945, 31946, 31947, 31948, 31949, 31950, 31951, 31952, 31953, 31954, 31955, 31956, 31958, 31959, 31960, 31961, 31962, 31963, 31964, 31965, 31966, 31967, 31968, 31969, 31970, 31971, 31972, 31973, 31974, 31975, 31976;
		setarray .@p[1960], 31977, 31978, 31979, 31980, 400020, 400046, 400055, 400056, 400057, 400074, 400076, 400080, 400081, 400091, 400092, 400093, 400100, 400103, 400104, 400115, 400124, 400126, 400128, 400129, 400131, 400132, 400133, 400136, 400143, 400144, 400147, 400148, 400157, 400158, 400159, 400160, 400161, 400162, 400163, 400165;
		setarray .@p[2000], 400166, 400167, 400168, 400169, 400170, 400171, 400172, 400173, 400174, 400175, 400176, 400182, 400183, 400184, 400185, 400186, 400188, 400193, 400195, 400196, 400197, 400204, 400205, 400206, 400207, 400208, 400209, 400210, 400211, 400212, 400214, 400221, 400223, 400224, 400225, 400232, 400250, 400251, 400252, 400253;
		setarray .@p[2040], 400254, 400256, 400258, 400259, 400260, 400269, 400270, 400271, 400272, 400277, 400278, 400280, 400289, 400290, 400292, 400305, 400309, 400310, 400311, 400312, 400313, 400314, 400315, 400319, 400320, 400321, 400325, 400326, 400327, 400341, 400342, 400343, 400347, 400348, 400349, 400350, 400351, 400354, 400355, 400356;
		setarray .@p[2080], 400357, 400358, 400363, 400365, 400366, 400367, 400369, 400370, 400372, 400373, 400397, 400398, 400402, 400403, 400404, 400405, 400406, 400407, 400414, 400415, 400422, 400423, 400424, 400425, 400426, 400427, 400428, 400429, 400430, 400431, 400432, 400434, 400435, 400436, 400439, 400444, 400446, 400448, 400449, 400450;
		setarray .@p[2120], 400451, 400452, 400458, 400459, 400460, 400461, 400462, 400466, 400471, 400475, 400480, 400484, 400485, 400491, 400495, 400496, 400497, 400502, 400503, 400504, 400509, 400510, 400516, 400517, 400518, 400519, 400520, 400557, 400558, 400565, 400567, 400585, 400588, 400594, 400595, 400596, 400599, 400600, 400604, 400605;
		setarray .@p[2160], 400606, 400607, 400633, 400634, 400635, 400655, 400656, 400657, 400664, 400670, 400671, 400682, 400683, 400684, 400692, 400693, 400703, 400704, 400708, 400709, 400712, 400716, 400717, 400725, 400727, 400728, 400729, 400730, 400739, 400741, 400743, 400744, 400745, 400746, 400747, 400748, 400749, 400751, 400752, 400754;
		setarray .@p[2200], 400755, 400756, 400757, 400760, 400761, 400762, 400767, 400788, 400789, 400792, 400793, 400794, 400795, 400799, 400801, 400803, 400818, 400898, 400899, 400900, 400901, 400913, 400914, 400918, 400919, 400920, 400921, 400930, 400931, 400932, 400951, 400952, 400953, 400956, 400963, 400964, 400965, 400993, 400994, 401000;
		setarray .@p[2240], 401001, 401014, 401015, 401016, 401046, 401062, 401113, 401114, 401148, 401194, 401196, 401207, 401213, 401246, 401247, 401248, 401294, 401295, 401300, 401303, 401320, 410005, 410006, 410011, 410021, 410022, 410029, 410030, 410031, 410032, 410033, 410034, 410035, 410036, 410037, 410038, 410039, 410040, 410041, 410042;
		setarray .@p[2280], 410043, 410044, 410045, 410047, 410048, 410049, 410050, 410051, 410053, 410054, 410055, 410056, 410059, 410060, 410061, 410062, 410063, 410068, 410069, 410072, 410073, 410074, 410075, 410076, 410077, 410078, 410081, 410082, 410083, 410086, 410087, 410095, 410098, 410099, 410103, 410104, 410105, 410107, 410108, 410111;
		setarray .@p[2320], 410112, 410113, 410114, 410115, 410116, 410117, 410118, 410121, 410122, 410123, 410126, 410128, 410131, 410132, 410133, 410138, 410143, 410144, 410145, 410146, 410147, 410148, 410149, 410154, 410155, 410156, 410157, 410160, 410167, 410168, 410169, 410170, 410171, 410178, 410179, 410182, 410187, 410188, 410189, 410190;
		setarray .@p[2360], 410191, 410192, 410193, 410194, 410195, 410196, 410198, 410199, 410200, 410201, 410202, 410205, 410206, 410212, 410214, 410217, 410218, 410219, 410220, 410221, 410222, 410223, 410224, 410226, 410228, 410229, 410230, 410234, 410236, 410238, 410239, 410240, 410241, 410242, 410245, 410248, 410251, 410252, 410253, 410255;
		setarray .@p[2400], 410257, 410258, 410261, 410262, 410263, 410264, 410265, 410266, 410267, 410268, 410276, 410277, 410278, 410281, 410282, 410283, 410286, 410288, 410289, 410290, 410292, 410293, 410296, 410297, 410300, 410301, 410308, 410309, 410310, 410311, 410312, 410315, 410316, 410317, 410318, 410319, 410320, 410324, 410325, 410326;
		setarray .@p[2440], 410328, 410329, 410330, 410331, 410338, 410343, 410350, 410351, 410352, 410353, 410357, 410358, 410359, 410360, 410361, 410364, 410367, 410368, 410370, 410371, 410384, 410385, 410387, 410388, 410392, 410393, 410396, 410397, 410399, 410429, 410430, 410440, 410441, 410442, 410447, 410448, 410456, 410457, 410458, 410470;
		setarray .@p[2480], 410471, 410474, 410485, 410487, 410489, 410491, 410508, 410556, 410574, 410576, 410582, 420010, 420011, 420014, 420015, 420016, 420023, 420024, 420025, 420026, 420027, 420029, 420033, 420034, 420035, 420036, 420037, 420038, 420039, 420040, 420041, 420042, 420043, 420044, 420046, 420047, 420048, 420050, 420051, 420052;
		setarray .@p[2520], 420053, 420054, 420056, 420057, 420058, 420059, 420060, 420061, 420062, 420063, 420067, 420069, 420070, 420071, 420072, 420073, 420075, 420077, 420078, 420079, 420081, 420082, 420083, 420084, 420085, 420086, 420088, 420091, 420092, 420094, 420095, 420096, 420097, 420098, 420099, 420100, 420101, 420102, 420103, 420104;
		setarray .@p[2560], 420107, 420108, 420109, 420111, 420113, 420114, 420115, 420116, 420117, 420118, 420119, 420120, 420121, 420122, 420123, 420124, 420125, 420126, 420127, 420128, 420132, 420133, 420140, 420150, 420151, 420152, 420156, 420159, 420161, 420162, 420163, 420165, 420168, 420169, 420170, 420171, 420172, 420177, 420181, 420185;
		setarray .@p[2600], 420190, 420191, 420192, 420193, 420195, 420196, 420197, 420201, 420204, 420205, 420206, 420207, 420208, 420209, 420211, 420212, 420214, 420218, 420219, 420221, 420222, 420224, 420230, 420232, 420233, 420234, 420237, 420240, 420241, 420244, 420254, 420255, 420264, 420272, 420273, 420274, 420275, 420276, 420277, 420278;
		setarray .@p[2640], 420279, 420280, 420281, 420282, 420283, 420284, 420285, 420286, 420287, 420288, 420289, 420290, 420291, 420292, 420293, 420294, 420295, 420296, 420297, 420298, 420299, 420300, 420303, 420305, 420306, 420307, 420317, 420319, 420320, 420321, 420325, 420333, 420335, 420336, 420340, 420341, 420344, 420345, 420346, 420347;
		setarray .@p[2680], 420349, 420350, 420351, 420352, 420353, 420354, 420357, 420358, 420359, 420360, 420365, 420366, 420367, 420376, 420377, 420382, 420383, 420384, 420385, 420393, 420394, 420395, 420396, 420397, 420398, 420399, 420400, 420401, 420402, 420403, 420404, 420405, 420406, 420407, 420408, 420409, 420410, 420411, 420412, 420413;
		setarray .@p[2720], 420414, 420415, 420416, 420417, 420418, 420419, 420420, 420421, 420426, 420427, 420432, 420433, 420434, 420435, 420439, 420440, 420447, 420448, 420449, 420499, 420500, 420501, 420514, 420515, 420516, 420524, 420525, 420532, 420545, 420546, 420547, 420553, 420554, 420570, 420571, 420575, 420593, 420594, 420595, 420596;
		setarray .@p[2760], 420602, 420618, 420642, 420647, 420648, 420649, 420650, 420702, 420703, 420726, 420727, 420728, 420729, 420730, 420743, 420747, 420750, 420751, 420774, 420775, 420776, 480052, 480055, 480056, 480058, 480060, 480069, 480071, 480082, 480086, 480092, 480093, 480095, 480096, 480107, 480108, 480110, 480111, 480117, 480118;
		setarray .@p[2800], 480119, 480121, 480122, 480123, 480126, 480127, 480129, 480130, 480137, 480152, 480155, 480158, 480167, 480168, 480169, 480176, 480177, 480181, 480187, 480189, 480198, 480199, 480200, 480201, 480202, 480204, 480207, 480221, 480222, 480223, 480235, 480236, 480237, 480243, 480244, 480246, 480247, 480252, 480258, 480264;
		setarray .@p[2840], 480271, 480272, 480273, 480274, 480279, 480280, 480287, 480288, 480289, 480290, 480295, 480297, 480305, 480310, 480311, 480315, 480316, 480318, 480320, 480321, 480329, 480330, 480335, 480336, 480337, 480344, 480360, 480361, 480362, 480363, 480364, 480368, 480376, 480377, 480393, 480405, 480406, 480407, 480408, 480411;
		setarray .@p[2880], 480419, 480420, 480421, 480422, 480423, 480429, 480430, 480431, 480432, 480433, 480436, 480437, 480438, 480443, 480444, 480445, 480450, 480456, 480457, 480458, 480459, 480460, 480461, 480462, 480469, 480472, 480473, 480476, 480477, 480478, 480484, 480485, 480486, 480487, 480488, 480492, 480493, 480494, 480501, 480503;
		setarray .@p[2920], 480505, 480506, 480507, 480508, 480517, 480521, 480523, 480524, 480525, 480541, 480555, 480556, 480559, 480565, 480566, 480581, 480582, 480595, 480596, 480603, 480609, 480611, 480616, 480617, 480618, 480619, 480627, 480629, 480630, 480631, 480632, 480648, 480658, 480664, 480665, 480666, 480699, 480717, 480718, 480725;
		setarray .@p[2960], 480747, 480748, 480772, 480773, 490242;
	}
	.@n = getarraysize(.@p);
	.@id = .@p[rand(.@n)];
	getitem .@id, 1;
	specialeffect2 EF_COIN;
	dispbottom "The box held: " + getitemname(.@id) + "!", 0x00FF88;
	return;
}
