// Random Headgear Box -- picks one headgear from the pool of this era. F_RndHeadgearBox(slot): 0 = any, 1 = upper,
// 2 = middle, 3 = lower. The pool is every headgear in the stock renewal item database that no monster drops and no NPC
// sells or gives out (1207 items; a headgear with several slots is in each of its slots' lists). The ones the client has no
// item name for are named in System/itemInfo.lua. Add or remove ids freely. The full list is in POOL-renewal.md.

function	script	F_RndHeadgearBox	{
	.@s = getarg(0, 0);
	if (.@s == 1) {
		setarray .@p[0], 5013, 5044, 5095, 5097, 5100, 5106, 5131, 5145, 5178, 5190, 5199, 5201, 5208, 5246, 5247, 5269, 5277, 5278, 5282, 5295, 5300, 5301, 5303, 5308, 5309, 5311, 5317, 5320, 5321, 5323, 5354, 5355, 5356, 5357, 5368, 5369, 5370, 5383, 5386, 5390;
		setarray .@p[40], 5392, 5393, 5400, 5404, 5415, 5416, 5417, 5418, 5423, 5424, 5426, 5428, 5429, 5430, 5432, 5433, 5434, 5452, 5472, 5473, 5479, 5482, 5484, 5485, 5486, 5487, 5488, 5510, 5518, 5522, 5523, 5524, 5525, 5533, 5540, 5541, 5542, 5543, 5551, 5559;
		setarray .@p[80], 5560, 5561, 5571, 5577, 5595, 5606, 5607, 5608, 5612, 5613, 5616, 5617, 5618, 5619, 5620, 5621, 5622, 5623, 5626, 5627, 5628, 5630, 5631, 5632, 5633, 5634, 5635, 5636, 5637, 5638, 5639, 5640, 5642, 5643, 5644, 5645, 5646, 5647, 5649, 5653;
		setarray .@p[120], 5656, 5661, 5669, 5670, 5672, 5673, 5674, 5678, 5679, 5681, 5688, 5691, 5692, 5693, 5694, 5695, 5696, 5699, 5700, 5701, 5702, 5703, 5704, 5705, 5706, 5708, 5709, 5710, 5711, 5712, 5713, 5714, 5715, 5716, 5717, 5718, 5719, 5720, 5721, 5722;
		setarray .@p[160], 5723, 5725, 5726, 5727, 5728, 5729, 5731, 5734, 5735, 5736, 5737, 5741, 5742, 5743, 5759, 5769, 5772, 5773, 5774, 5779, 5781, 5782, 5791, 5795, 5802, 5803, 5805, 5806, 5807, 5809, 5810, 5812, 5813, 5814, 5815, 5816, 5818, 5821, 5824, 5827;
		setarray .@p[200], 5830, 5831, 5832, 5833, 5834, 5835, 5836, 5845, 5847, 5849, 5851, 5853, 5874, 5875, 5881, 5882, 5884, 5885, 5886, 5887, 5888, 5889, 5891, 5892, 5896, 5900, 5901, 5902, 5903, 5904, 5905, 5906, 5907, 5908, 5932, 5937, 5940, 5946, 5953, 5963;
		setarray .@p[240], 5965, 5968, 5969, 5970, 5975, 5986, 15165, 15369, 15434, 15822, 15823, 15824, 15826, 15827, 15828, 15829, 15830, 15831, 15832, 15834, 15845, 15848, 15855, 15857, 15879, 15885, 15891, 15892, 15897, 15898, 15906, 15927, 15928, 15955, 15956, 15957, 15959, 15960, 15961, 15962;
		setarray .@p[280], 15963, 15964, 15965, 18504, 18510, 18512, 18513, 18523, 18525, 18527, 18529, 18532, 18535, 18537, 18542, 18544, 18545, 18547, 18548, 18552, 18553, 18555, 18562, 18568, 18571, 18572, 18575, 18578, 18579, 18581, 18582, 18583, 18584, 18585, 18586, 18587, 18588, 18590, 18592, 18593;
		setarray .@p[320], 18594, 18598, 18605, 18610, 18614, 18622, 18623, 18624, 18628, 18629, 18632, 18633, 18634, 18635, 18637, 18638, 18639, 18640, 18641, 18646, 18647, 18651, 18652, 18653, 18662, 18667, 18668, 18671, 18674, 18685, 18686, 18687, 18688, 18689, 18691, 18696, 18699, 18700, 18706, 18724;
		setarray .@p[360], 18725, 18726, 18727, 18728, 18731, 18738, 18739, 18749, 18753, 18758, 18777, 18778, 18779, 18780, 18781, 18783, 18784, 18785, 18789, 18790, 18791, 18793, 18796, 18797, 18798, 18801, 18802, 18804, 18805, 18806, 18807, 18809, 18810, 18811, 18812, 18814, 18815, 18828, 18829, 18830;
		setarray .@p[400], 18831, 18833, 18834, 18838, 18841, 18843, 18847, 18850, 18851, 18852, 18853, 18854, 18855, 18857, 18860, 18861, 18864, 18866, 18872, 18873, 18879, 18881, 18882, 18883, 18884, 18885, 18887, 18888, 18889, 18890, 18892, 18893, 18898, 18901, 18902, 18904, 18905, 18909, 18910, 18920;
		setarray .@p[440], 18922, 18923, 18924, 18929, 18931, 18933, 18935, 18939, 18940, 18941, 18942, 18943, 18950, 18954, 18955, 18959, 18960, 18969, 18970, 18987, 18992, 18993, 19010, 19011, 19018, 19022, 19023, 19025, 19026, 19030, 19035, 19036, 19038, 19042, 19043, 19044, 19050, 19051, 19053, 19079;
		setarray .@p[480], 19081, 19096, 19102, 19103, 19106, 19107, 19108, 19114, 19125, 19127, 19130, 19131, 19136, 19142, 19144, 19156, 19159, 19163, 19164, 19165, 19166, 19170, 19171, 19172, 19175, 19178, 19185, 19212, 19217, 19219, 19221, 19256, 19262, 19269, 19272, 19276, 19285, 19295, 19298, 19311;
		setarray .@p[520], 19316, 19319, 19326, 19329, 19337, 19342, 19343, 19347, 19349, 19367, 19379, 19382, 19387, 19390, 19399, 19400, 19401, 19406, 19407, 19409, 19410, 19412, 19415, 19426, 19433, 19435, 19436, 19447, 19449, 19453, 19460, 19463, 19465, 19468, 19469, 19471, 19473, 19496, 19497, 400006;
		setarray .@p[560], 400015, 400016, 400017, 400043, 400045, 400047, 400048, 400050, 400051, 400052, 400060, 400064, 400070, 400075, 400077, 400083, 400084, 400085, 400086, 400087, 400101, 400109, 400110, 400111, 400122, 400123, 400125, 400137, 400138, 400139, 400140, 400177, 400187, 400194, 400203, 400213, 400257, 400268, 400273, 400274;
		setarray .@p[600], 400275, 400276, 400279, 400286, 400287, 400295, 400307, 400336, 400337, 400338, 400339, 400340, 400344, 400345, 400359, 400368, 400371, 400396, 400399, 400400, 400401, 400409, 400410, 400411, 400412, 400413, 400416, 400417, 400418, 400419, 400420, 400421, 400433, 400437, 400438, 400440, 400441, 400442, 400443, 400447;
		setarray .@p[640], 400453, 400454, 400455, 400456, 400457, 400463, 400464, 400467, 400468, 400469, 400470, 400472, 400473, 400474, 400476, 400477, 400478, 400479, 400481, 400482, 400483, 400486, 400487, 400488, 400489, 400498, 400499, 400500, 400501, 400505, 400506, 400511, 400512, 400513, 400528, 400547, 400548, 400549, 400550, 400551;
		setarray .@p[680], 400556, 400566, 400574, 400575, 400576, 400577, 400578, 400579, 400581, 400582, 400584, 400592, 400593, 400597, 400601, 400602, 400614, 400619, 400622, 400624, 400631, 400632, 400642, 400643, 400644, 400645, 400646, 400647, 400648, 400649, 400658, 400659, 400660, 400667, 400672, 400676, 400677, 400679, 400680, 400688;
		setarray .@p[720], 400697, 400699, 400710, 400711, 400721, 400722, 400740, 400742, 400750, 400753, 400758, 400759, 400766, 400787, 401239, 401240, 401241, 401242, 401243, 410349, 420238, 430002, 430003, 430006, 430007, 430008;
	} else if (.@s == 2) {
		setarray .@p[0], 2204, 5095, 5101, 5131, 5154, 5244, 5248, 5249, 5250, 5251, 5295, 5309, 5357, 5400, 5428, 5475, 5482, 5485, 5516, 5517, 5534, 5559, 5577, 5602, 5615, 5624, 5641, 5643, 5644, 5645, 5646, 5650, 5698, 5707, 5724, 5726, 5727, 5728, 5732, 5736;
		setarray .@p[40], 5782, 5787, 5788, 5800, 5804, 5814, 5820, 5837, 5838, 5839, 5840, 5851, 5879, 5889, 5890, 5916, 5924, 5933, 5953, 5963, 5966, 15127, 15385, 15476, 15880, 15883, 15948, 15949, 15950, 15951, 15966, 15968, 15977, 15978, 15980, 15984, 15985, 18504, 18511, 18518;
		setarray .@p[80], 18519, 18524, 18529, 18542, 18556, 18557, 18575, 18577, 18581, 18582, 18604, 18606, 18607, 18608, 18609, 18615, 18637, 18649, 18655, 18657, 18690, 18720, 18726, 18735, 18736, 18747, 18782, 18787, 18788, 18799, 18808, 18822, 18823, 18824, 18839, 18846, 18868, 18877, 18894, 18895;
		setarray .@p[120], 18896, 18897, 18912, 18913, 18914, 18915, 19006, 19014, 19027, 19028, 19030, 19034, 19037, 19039, 19041, 19045, 19083, 19086, 19087, 19088, 19089, 19090, 19091, 19092, 19093, 19094, 19104, 19106, 19110, 19113, 19126, 19127, 19132, 19133, 19138, 19141, 19155, 19159, 19174, 19175;
		setarray .@p[160], 19217, 19252, 19273, 19275, 19312, 19313, 19380, 19388, 19391, 19393, 19405, 19425, 19437, 19443, 19444, 19445, 19446, 19451, 19452, 19495, 19498, 21201, 21205, 400113, 400114, 400291, 410000, 410001, 410002, 410003, 410004, 410007, 410008, 410009, 410010, 410012, 410014, 410015, 410016, 410023;
		setarray .@p[200], 410024, 410025, 410026, 410027, 410028, 410057, 410058, 410064, 410065, 410066, 410067, 410070, 410071, 410079, 410084, 410085, 410088, 410089, 410090, 410091, 410092, 410093, 410094, 410096, 410097, 410109, 410110, 410119, 410120, 410124, 410125, 410129, 410130, 410136, 410137, 410139, 410140, 410141, 410142, 410158;
		setarray .@p[240], 410159, 410185, 410186, 410207, 410208, 410210, 410211, 410213, 410215, 410216, 410235, 410243, 410244, 410247, 410254, 410256, 410269, 410270, 410271, 410272, 410273, 410274, 410275, 410284, 410285, 410291, 410294, 410298, 410299, 410302, 410303, 410304, 410305, 410306, 410313, 410314, 410322, 410323, 410332, 410333;
		setarray .@p[280], 410334, 410335, 410336, 410337, 410339, 410340, 410341, 410342, 410344, 410345, 410346, 410347, 410348, 410362, 410587, 410588, 410589, 410590, 410591, 410592, 430003, 430006, 430007, 430008, 436003, 436004, 436005;
	} else if (.@s == 3) {
		setarray .@p[0], 2219, 2237, 2238, 5131, 5155, 5156, 5309, 5400, 5428, 5445, 5475, 5482, 5485, 5534, 5576, 5577, 5602, 5614, 5646, 5648, 5675, 5697, 5730, 5736, 5775, 5782, 5787, 5797, 5811, 5814, 5846, 5878, 5880, 5934, 5945, 5967, 5978, 15166, 15878, 15884;
		setarray .@p[40], 15920, 15921, 15922, 15923, 15924, 15932, 15947, 15958, 15967, 15969, 15970, 15976, 15981, 15982, 15983, 18504, 18524, 18546, 18566, 18567, 18575, 18602, 18604, 18606, 18617, 18627, 18648, 18649, 18650, 18658, 18703, 18726, 18746, 18751, 18787, 18824, 18844, 18858, 18859, 18868;
		setarray .@p[80], 18869, 18870, 18871, 18900, 18903, 18906, 18916, 18919, 18926, 18936, 18947, 18948, 18949, 18956, 18962, 18965, 18968, 18985, 19004, 19023, 19030, 19080, 19090, 19094, 19101, 19105, 19106, 19107, 19112, 19133, 19137, 19141, 19159, 19173, 19175, 19217, 19246, 19274, 19277, 19286;
		setarray .@p[120], 19299, 19306, 19307, 19314, 19318, 19320, 19321, 19327, 19350, 19353, 19371, 19373, 19381, 19389, 19398, 19402, 19408, 19411, 19425, 19427, 19429, 19438, 19439, 19462, 19499, 21201, 21205, 28502, 400018, 420000, 420004, 420005, 420006, 420013, 420028, 420030, 420031, 420032, 420064, 420065;
		setarray .@p[160], 420068, 420074, 420076, 420087, 420089, 420093, 420105, 420106, 420110, 420112, 420129, 420130, 420131, 420134, 420135, 420136, 420137, 420138, 420139, 420141, 420158, 420160, 420164, 420174, 420178, 420180, 420182, 420186, 420187, 420194, 420198, 420199, 420215, 420216, 420223, 420235, 420236, 420239, 420246, 420247;
		setarray .@p[200], 420248, 420249, 420250, 420251, 420252, 420253, 420256, 420257, 420258, 420270, 420302, 420308, 420310, 420312, 420313, 420314, 420315, 420316, 420323, 420324, 420327, 420329, 420334, 420342, 420343, 420356, 420368, 420369, 420370, 420381, 420389, 420390, 420391, 420392, 420422, 420425, 436003, 436004, 436005;
	} else {
		setarray .@p[0], 2204, 2219, 2237, 2238, 5013, 5044, 5095, 5097, 5100, 5101, 5106, 5131, 5145, 5154, 5155, 5156, 5178, 5190, 5199, 5201, 5208, 5244, 5246, 5247, 5248, 5249, 5250, 5251, 5269, 5277, 5278, 5282, 5295, 5300, 5301, 5303, 5308, 5309, 5311, 5317;
		setarray .@p[40], 5320, 5321, 5323, 5354, 5355, 5356, 5357, 5368, 5369, 5370, 5383, 5386, 5390, 5392, 5393, 5400, 5404, 5415, 5416, 5417, 5418, 5423, 5424, 5426, 5428, 5429, 5430, 5432, 5433, 5434, 5445, 5452, 5472, 5473, 5475, 5479, 5482, 5484, 5485, 5486;
		setarray .@p[80], 5487, 5488, 5510, 5516, 5517, 5518, 5522, 5523, 5524, 5525, 5533, 5534, 5540, 5541, 5542, 5543, 5551, 5559, 5560, 5561, 5571, 5576, 5577, 5595, 5602, 5606, 5607, 5608, 5612, 5613, 5614, 5615, 5616, 5617, 5618, 5619, 5620, 5621, 5622, 5623;
		setarray .@p[120], 5624, 5626, 5627, 5628, 5630, 5631, 5632, 5633, 5634, 5635, 5636, 5637, 5638, 5639, 5640, 5641, 5642, 5643, 5644, 5645, 5646, 5647, 5648, 5649, 5650, 5653, 5656, 5661, 5669, 5670, 5672, 5673, 5674, 5675, 5678, 5679, 5681, 5688, 5691, 5692;
		setarray .@p[160], 5693, 5694, 5695, 5696, 5697, 5698, 5699, 5700, 5701, 5702, 5703, 5704, 5705, 5706, 5707, 5708, 5709, 5710, 5711, 5712, 5713, 5714, 5715, 5716, 5717, 5718, 5719, 5720, 5721, 5722, 5723, 5724, 5725, 5726, 5727, 5728, 5729, 5730, 5731, 5732;
		setarray .@p[200], 5734, 5735, 5736, 5737, 5741, 5742, 5743, 5759, 5769, 5772, 5773, 5774, 5775, 5779, 5781, 5782, 5787, 5788, 5791, 5795, 5797, 5800, 5802, 5803, 5804, 5805, 5806, 5807, 5809, 5810, 5811, 5812, 5813, 5814, 5815, 5816, 5818, 5820, 5821, 5824;
		setarray .@p[240], 5827, 5830, 5831, 5832, 5833, 5834, 5835, 5836, 5837, 5838, 5839, 5840, 5845, 5846, 5847, 5849, 5851, 5853, 5874, 5875, 5878, 5879, 5880, 5881, 5882, 5884, 5885, 5886, 5887, 5888, 5889, 5890, 5891, 5892, 5896, 5900, 5901, 5902, 5903, 5904;
		setarray .@p[280], 5905, 5906, 5907, 5908, 5916, 5924, 5932, 5933, 5934, 5937, 5940, 5945, 5946, 5953, 5963, 5965, 5966, 5967, 5968, 5969, 5970, 5975, 5978, 5986, 15127, 15165, 15166, 15369, 15385, 15434, 15476, 15822, 15823, 15824, 15826, 15827, 15828, 15829, 15830, 15831;
		setarray .@p[320], 15832, 15834, 15845, 15848, 15855, 15857, 15878, 15879, 15880, 15883, 15884, 15885, 15891, 15892, 15897, 15898, 15906, 15920, 15921, 15922, 15923, 15924, 15927, 15928, 15932, 15947, 15948, 15949, 15950, 15951, 15955, 15956, 15957, 15958, 15959, 15960, 15961, 15962, 15963, 15964;
		setarray .@p[360], 15965, 15966, 15967, 15968, 15969, 15970, 15976, 15977, 15978, 15980, 15981, 15982, 15983, 15984, 15985, 18504, 18510, 18511, 18512, 18513, 18518, 18519, 18523, 18524, 18525, 18527, 18529, 18532, 18535, 18537, 18542, 18544, 18545, 18546, 18547, 18548, 18552, 18553, 18555, 18556;
		setarray .@p[400], 18557, 18562, 18566, 18567, 18568, 18571, 18572, 18575, 18577, 18578, 18579, 18581, 18582, 18583, 18584, 18585, 18586, 18587, 18588, 18590, 18592, 18593, 18594, 18598, 18602, 18604, 18605, 18606, 18607, 18608, 18609, 18610, 18614, 18615, 18617, 18622, 18623, 18624, 18627, 18628;
		setarray .@p[440], 18629, 18632, 18633, 18634, 18635, 18637, 18638, 18639, 18640, 18641, 18646, 18647, 18648, 18649, 18650, 18651, 18652, 18653, 18655, 18657, 18658, 18662, 18667, 18668, 18671, 18674, 18685, 18686, 18687, 18688, 18689, 18690, 18691, 18696, 18699, 18700, 18703, 18706, 18720, 18724;
		setarray .@p[480], 18725, 18726, 18727, 18728, 18731, 18735, 18736, 18738, 18739, 18746, 18747, 18749, 18751, 18753, 18758, 18777, 18778, 18779, 18780, 18781, 18782, 18783, 18784, 18785, 18787, 18788, 18789, 18790, 18791, 18793, 18796, 18797, 18798, 18799, 18801, 18802, 18804, 18805, 18806, 18807;
		setarray .@p[520], 18808, 18809, 18810, 18811, 18812, 18814, 18815, 18822, 18823, 18824, 18828, 18829, 18830, 18831, 18833, 18834, 18838, 18839, 18841, 18843, 18844, 18846, 18847, 18850, 18851, 18852, 18853, 18854, 18855, 18857, 18858, 18859, 18860, 18861, 18864, 18866, 18868, 18869, 18870, 18871;
		setarray .@p[560], 18872, 18873, 18877, 18879, 18881, 18882, 18883, 18884, 18885, 18887, 18888, 18889, 18890, 18892, 18893, 18894, 18895, 18896, 18897, 18898, 18900, 18901, 18902, 18903, 18904, 18905, 18906, 18909, 18910, 18912, 18913, 18914, 18915, 18916, 18919, 18920, 18922, 18923, 18924, 18926;
		setarray .@p[600], 18929, 18931, 18933, 18935, 18936, 18939, 18940, 18941, 18942, 18943, 18947, 18948, 18949, 18950, 18954, 18955, 18956, 18959, 18960, 18962, 18965, 18968, 18969, 18970, 18985, 18987, 18992, 18993, 19004, 19006, 19010, 19011, 19014, 19018, 19022, 19023, 19025, 19026, 19027, 19028;
		setarray .@p[640], 19030, 19034, 19035, 19036, 19037, 19038, 19039, 19041, 19042, 19043, 19044, 19045, 19050, 19051, 19053, 19079, 19080, 19081, 19083, 19086, 19087, 19088, 19089, 19090, 19091, 19092, 19093, 19094, 19096, 19101, 19102, 19103, 19104, 19105, 19106, 19107, 19108, 19110, 19112, 19113;
		setarray .@p[680], 19114, 19125, 19126, 19127, 19130, 19131, 19132, 19133, 19136, 19137, 19138, 19141, 19142, 19144, 19155, 19156, 19159, 19163, 19164, 19165, 19166, 19170, 19171, 19172, 19173, 19174, 19175, 19178, 19185, 19212, 19217, 19219, 19221, 19246, 19252, 19256, 19262, 19269, 19272, 19273;
		setarray .@p[720], 19274, 19275, 19276, 19277, 19285, 19286, 19295, 19298, 19299, 19306, 19307, 19311, 19312, 19313, 19314, 19316, 19318, 19319, 19320, 19321, 19326, 19327, 19329, 19337, 19342, 19343, 19347, 19349, 19350, 19353, 19367, 19371, 19373, 19379, 19380, 19381, 19382, 19387, 19388, 19389;
		setarray .@p[760], 19390, 19391, 19393, 19398, 19399, 19400, 19401, 19402, 19405, 19406, 19407, 19408, 19409, 19410, 19411, 19412, 19415, 19425, 19426, 19427, 19429, 19433, 19435, 19436, 19437, 19438, 19439, 19443, 19444, 19445, 19446, 19447, 19449, 19451, 19452, 19453, 19460, 19462, 19463, 19465;
		setarray .@p[800], 19468, 19469, 19471, 19473, 19495, 19496, 19497, 19498, 19499, 21201, 21205, 28502, 400006, 400015, 400016, 400017, 400018, 400043, 400045, 400047, 400048, 400050, 400051, 400052, 400060, 400064, 400070, 400075, 400077, 400083, 400084, 400085, 400086, 400087, 400101, 400109, 400110, 400111, 400113, 400114;
		setarray .@p[840], 400122, 400123, 400125, 400137, 400138, 400139, 400140, 400177, 400187, 400194, 400203, 400213, 400257, 400268, 400273, 400274, 400275, 400276, 400279, 400286, 400287, 400291, 400295, 400307, 400336, 400337, 400338, 400339, 400340, 400344, 400345, 400359, 400368, 400371, 400396, 400399, 400400, 400401, 400409, 400410;
		setarray .@p[880], 400411, 400412, 400413, 400416, 400417, 400418, 400419, 400420, 400421, 400433, 400437, 400438, 400440, 400441, 400442, 400443, 400447, 400453, 400454, 400455, 400456, 400457, 400463, 400464, 400467, 400468, 400469, 400470, 400472, 400473, 400474, 400476, 400477, 400478, 400479, 400481, 400482, 400483, 400486, 400487;
		setarray .@p[920], 400488, 400489, 400498, 400499, 400500, 400501, 400505, 400506, 400511, 400512, 400513, 400528, 400547, 400548, 400549, 400550, 400551, 400556, 400566, 400574, 400575, 400576, 400577, 400578, 400579, 400581, 400582, 400584, 400592, 400593, 400597, 400601, 400602, 400614, 400619, 400622, 400624, 400631, 400632, 400642;
		setarray .@p[960], 400643, 400644, 400645, 400646, 400647, 400648, 400649, 400658, 400659, 400660, 400667, 400672, 400676, 400677, 400679, 400680, 400688, 400697, 400699, 400710, 400711, 400721, 400722, 400740, 400742, 400750, 400753, 400758, 400759, 400766, 400787, 401239, 401240, 401241, 401242, 401243, 410000, 410001, 410002, 410003;
		setarray .@p[1000], 410004, 410007, 410008, 410009, 410010, 410012, 410014, 410015, 410016, 410023, 410024, 410025, 410026, 410027, 410028, 410057, 410058, 410064, 410065, 410066, 410067, 410070, 410071, 410079, 410084, 410085, 410088, 410089, 410090, 410091, 410092, 410093, 410094, 410096, 410097, 410109, 410110, 410119, 410120, 410124;
		setarray .@p[1040], 410125, 410129, 410130, 410136, 410137, 410139, 410140, 410141, 410142, 410158, 410159, 410185, 410186, 410207, 410208, 410210, 410211, 410213, 410215, 410216, 410235, 410243, 410244, 410247, 410254, 410256, 410269, 410270, 410271, 410272, 410273, 410274, 410275, 410284, 410285, 410291, 410294, 410298, 410299, 410302;
		setarray .@p[1080], 410303, 410304, 410305, 410306, 410313, 410314, 410322, 410323, 410332, 410333, 410334, 410335, 410336, 410337, 410339, 410340, 410341, 410342, 410344, 410345, 410346, 410347, 410348, 410349, 410362, 410587, 410588, 410589, 410590, 410591, 410592, 420000, 420004, 420005, 420006, 420013, 420028, 420030, 420031, 420032;
		setarray .@p[1120], 420064, 420065, 420068, 420074, 420076, 420087, 420089, 420093, 420105, 420106, 420110, 420112, 420129, 420130, 420131, 420134, 420135, 420136, 420137, 420138, 420139, 420141, 420158, 420160, 420164, 420174, 420178, 420180, 420182, 420186, 420187, 420194, 420198, 420199, 420215, 420216, 420223, 420235, 420236, 420238;
		setarray .@p[1160], 420239, 420246, 420247, 420248, 420249, 420250, 420251, 420252, 420253, 420256, 420257, 420258, 420270, 420302, 420308, 420310, 420312, 420313, 420314, 420315, 420316, 420323, 420324, 420327, 420329, 420334, 420342, 420343, 420356, 420368, 420369, 420370, 420381, 420389, 420390, 420391, 420392, 420422, 420425, 430002;
		setarray .@p[1200], 430003, 430006, 430007, 430008, 436003, 436004, 436005;
	}
	.@n = getarraysize(.@p);
	.@id = .@p[rand(.@n)];
	getitem .@id, 1;
	specialeffect2 EF_COIN;
	dispbottom "The box held: " + getitemname(.@id) + "!", 0x00FF88;
	return;
}
