// Headgear -> costume table (renewal). .src[] holds every headgear item id of the era in ascending order; the costume
// twin of .src[i] is item id 73000 + i. The Costume Tailor looks ids up here with a binary search.
// Generated from the era's item database (db/item_db.yml in this folder holds the twins).

-	script	HTC_Table	-1,{
	end;

OnInit:
	setarray .src[0], 2201, 2202, 2203, 2204, 2205, 2206, 2207, 2208, 2209, 2210, 2211, 2212, 2213, 2214, 2215, 2216, 2217, 2218, 2219, 2220, 2221, 2222, 2223, 2224, 2225, 2226, 2227, 2228, 2229, 2232, 2233, 2234, 2235, 2236, 2237, 2238, 2239, 2240, 2241, 2242;
	setarray .src[40], 2243, 2244, 2245, 2246, 2247, 2248, 2249, 2250, 2251, 2252, 2253, 2254, 2255, 2256, 2257, 2258, 2259, 2260, 2261, 2262, 2263, 2264, 2265, 2266, 2267, 2268, 2269, 2270, 2271, 2272, 2273, 2274, 2275, 2276, 2277, 2278, 2279, 2280, 2281, 2282;
	setarray .src[80], 2283, 2284, 2285, 2286, 2287, 2288, 2289, 2290, 2291, 2292, 2293, 2294, 2295, 2296, 2297, 2298, 2299, 2686, 2687, 5001, 5002, 5003, 5004, 5005, 5006, 5007, 5008, 5009, 5010, 5011, 5012, 5013, 5014, 5015, 5016, 5017, 5018, 5019, 5020, 5021;
	setarray .src[120], 5022, 5023, 5024, 5025, 5026, 5027, 5028, 5029, 5030, 5031, 5032, 5033, 5034, 5035, 5036, 5037, 5038, 5039, 5040, 5041, 5042, 5043, 5044, 5045, 5046, 5047, 5048, 5049, 5050, 5051, 5052, 5053, 5054, 5055, 5056, 5057, 5058, 5059, 5060, 5061;
	setarray .src[160], 5062, 5063, 5064, 5065, 5066, 5067, 5068, 5069, 5070, 5071, 5072, 5073, 5074, 5075, 5076, 5077, 5078, 5079, 5080, 5081, 5082, 5083, 5084, 5085, 5086, 5087, 5088, 5089, 5090, 5091, 5092, 5093, 5094, 5095, 5096, 5097, 5098, 5099, 5100, 5101;
	setarray .src[200], 5102, 5103, 5104, 5105, 5106, 5107, 5108, 5109, 5110, 5111, 5112, 5113, 5114, 5115, 5116, 5117, 5118, 5119, 5120, 5121, 5122, 5123, 5124, 5125, 5126, 5127, 5128, 5129, 5130, 5131, 5132, 5133, 5134, 5135, 5136, 5137, 5138, 5139, 5140, 5141;
	setarray .src[240], 5142, 5143, 5144, 5145, 5146, 5147, 5148, 5149, 5150, 5151, 5152, 5153, 5154, 5155, 5156, 5157, 5158, 5159, 5160, 5161, 5162, 5163, 5164, 5165, 5166, 5167, 5168, 5169, 5170, 5171, 5172, 5173, 5174, 5175, 5176, 5177, 5178, 5179, 5180, 5181;
	setarray .src[280], 5182, 5183, 5184, 5185, 5186, 5187, 5188, 5189, 5190, 5191, 5192, 5193, 5194, 5195, 5196, 5197, 5198, 5199, 5200, 5201, 5202, 5203, 5204, 5205, 5206, 5207, 5208, 5209, 5210, 5211, 5212, 5213, 5214, 5215, 5216, 5217, 5218, 5219, 5220, 5221;
	setarray .src[320], 5222, 5223, 5224, 5225, 5226, 5227, 5228, 5229, 5230, 5231, 5232, 5233, 5234, 5235, 5236, 5237, 5238, 5239, 5240, 5241, 5242, 5243, 5244, 5245, 5246, 5247, 5248, 5249, 5250, 5251, 5252, 5253, 5254, 5255, 5256, 5257, 5258, 5259, 5260, 5261;
	setarray .src[360], 5262, 5263, 5264, 5265, 5266, 5267, 5268, 5269, 5270, 5271, 5272, 5273, 5274, 5275, 5276, 5277, 5278, 5279, 5280, 5281, 5282, 5283, 5284, 5285, 5286, 5287, 5288, 5289, 5290, 5291, 5292, 5293, 5294, 5295, 5296, 5297, 5298, 5299, 5300, 5301;
	setarray .src[400], 5302, 5303, 5304, 5305, 5306, 5307, 5308, 5309, 5310, 5311, 5312, 5313, 5314, 5315, 5316, 5317, 5318, 5319, 5320, 5321, 5322, 5323, 5324, 5325, 5326, 5327, 5328, 5329, 5330, 5331, 5332, 5333, 5334, 5335, 5336, 5337, 5338, 5339, 5340, 5341;
	setarray .src[440], 5342, 5343, 5344, 5345, 5346, 5347, 5348, 5349, 5350, 5351, 5352, 5353, 5354, 5355, 5356, 5357, 5358, 5359, 5360, 5361, 5362, 5363, 5364, 5365, 5366, 5367, 5368, 5369, 5370, 5371, 5372, 5373, 5374, 5375, 5376, 5377, 5378, 5379, 5380, 5381;
	setarray .src[480], 5382, 5383, 5384, 5385, 5386, 5387, 5388, 5389, 5390, 5391, 5392, 5393, 5394, 5395, 5396, 5397, 5398, 5399, 5400, 5401, 5402, 5403, 5404, 5405, 5406, 5407, 5408, 5409, 5410, 5411, 5412, 5413, 5414, 5415, 5416, 5417, 5418, 5419, 5420, 5421;
	setarray .src[520], 5422, 5423, 5424, 5425, 5426, 5427, 5428, 5429, 5430, 5431, 5432, 5433, 5434, 5435, 5436, 5437, 5438, 5439, 5440, 5441, 5442, 5443, 5444, 5445, 5446, 5447, 5448, 5449, 5450, 5451, 5452, 5453, 5454, 5455, 5456, 5457, 5458, 5459, 5460, 5461;
	setarray .src[560], 5462, 5463, 5464, 5465, 5466, 5467, 5468, 5469, 5470, 5471, 5472, 5473, 5474, 5475, 5476, 5477, 5478, 5479, 5480, 5481, 5482, 5483, 5484, 5485, 5486, 5487, 5488, 5489, 5490, 5491, 5492, 5493, 5494, 5495, 5496, 5497, 5498, 5499, 5500, 5501;
	setarray .src[600], 5502, 5503, 5504, 5505, 5506, 5507, 5508, 5509, 5510, 5511, 5512, 5513, 5514, 5515, 5516, 5517, 5518, 5519, 5520, 5521, 5522, 5523, 5524, 5525, 5526, 5527, 5528, 5529, 5530, 5531, 5532, 5533, 5534, 5535, 5536, 5537, 5538, 5539, 5540, 5541;
	setarray .src[640], 5542, 5543, 5544, 5545, 5546, 5547, 5548, 5549, 5550, 5551, 5552, 5553, 5554, 5555, 5556, 5557, 5558, 5559, 5560, 5561, 5562, 5563, 5564, 5565, 5566, 5567, 5568, 5569, 5570, 5571, 5572, 5573, 5574, 5575, 5576, 5577, 5578, 5579, 5580, 5581;
	setarray .src[680], 5582, 5583, 5584, 5585, 5586, 5587, 5588, 5589, 5590, 5591, 5592, 5593, 5594, 5595, 5596, 5597, 5598, 5599, 5600, 5601, 5602, 5603, 5604, 5605, 5606, 5607, 5608, 5609, 5610, 5611, 5612, 5613, 5614, 5615, 5616, 5617, 5618, 5619, 5620, 5621;
	setarray .src[720], 5622, 5623, 5624, 5625, 5626, 5627, 5628, 5629, 5630, 5631, 5632, 5633, 5634, 5635, 5636, 5637, 5638, 5639, 5640, 5641, 5642, 5643, 5644, 5645, 5646, 5647, 5648, 5649, 5650, 5652, 5653, 5654, 5655, 5656, 5657, 5658, 5659, 5660, 5661, 5662;
	setarray .src[760], 5663, 5664, 5665, 5666, 5667, 5668, 5669, 5670, 5671, 5672, 5673, 5674, 5675, 5676, 5677, 5678, 5679, 5680, 5681, 5682, 5683, 5684, 5685, 5686, 5687, 5688, 5689, 5690, 5691, 5692, 5693, 5694, 5695, 5696, 5697, 5698, 5699, 5700, 5701, 5702;
	setarray .src[800], 5703, 5704, 5705, 5706, 5707, 5708, 5709, 5710, 5711, 5712, 5713, 5714, 5715, 5716, 5717, 5718, 5719, 5720, 5721, 5722, 5723, 5724, 5725, 5726, 5727, 5728, 5729, 5730, 5731, 5732, 5734, 5735, 5736, 5737, 5738, 5739, 5740, 5741, 5742, 5743;
	setarray .src[840], 5744, 5745, 5746, 5747, 5748, 5749, 5750, 5751, 5752, 5753, 5754, 5755, 5756, 5757, 5758, 5759, 5760, 5761, 5762, 5763, 5764, 5765, 5766, 5767, 5768, 5769, 5770, 5771, 5772, 5773, 5774, 5775, 5776, 5777, 5778, 5779, 5780, 5781, 5782, 5783;
	setarray .src[880], 5784, 5785, 5786, 5787, 5788, 5789, 5790, 5791, 5792, 5793, 5794, 5795, 5796, 5797, 5798, 5799, 5800, 5801, 5802, 5803, 5804, 5805, 5806, 5807, 5808, 5809, 5810, 5811, 5812, 5813, 5814, 5815, 5816, 5818, 5819, 5820, 5821, 5822, 5824, 5826;
	setarray .src[920], 5827, 5830, 5831, 5832, 5833, 5834, 5835, 5836, 5837, 5838, 5839, 5840, 5841, 5845, 5846, 5847, 5848, 5849, 5850, 5851, 5852, 5853, 5856, 5857, 5858, 5859, 5864, 5865, 5866, 5867, 5868, 5869, 5870, 5871, 5873, 5874, 5875, 5878, 5879, 5880;
	setarray .src[960], 5881, 5882, 5883, 5884, 5885, 5886, 5887, 5888, 5889, 5890, 5891, 5892, 5893, 5894, 5895, 5896, 5897, 5898, 5899, 5900, 5901, 5902, 5903, 5904, 5905, 5906, 5907, 5908, 5916, 5917, 5918, 5919, 5921, 5924, 5930, 5931, 5932, 5933, 5934, 5936;
	setarray .src[1000], 5937, 5938, 5940, 5943, 5944, 5945, 5946, 5953, 5963, 5965, 5966, 5967, 5968, 5969, 5970, 5971, 5972, 5973, 5975, 5978, 5985, 5986, 15127, 15165, 15166, 15369, 15385, 15434, 15476, 15822, 15823, 15824, 15826, 15827, 15828, 15829, 15830, 15831, 15832, 15834;
	setarray .src[1040], 15845, 15848, 15855, 15857, 15878, 15879, 15880, 15883, 15884, 15885, 15891, 15892, 15897, 15898, 15906, 15920, 15921, 15922, 15923, 15924, 15927, 15928, 15932, 15947, 15948, 15949, 15950, 15951, 15955, 15956, 15957, 15958, 15959, 15960, 15961, 15962, 15963, 15964, 15965, 15966;
	setarray .src[1080], 15967, 15968, 15969, 15970, 15977, 15978, 15980, 15981, 15982, 15983, 15984, 15985, 18500, 18501, 18502, 18503, 18504, 18505, 18506, 18507, 18508, 18509, 18510, 18511, 18512, 18513, 18514, 18515, 18516, 18517, 18518, 18519, 18520, 18521, 18522, 18523, 18524, 18525, 18526, 18527;
	setarray .src[1120], 18528, 18529, 18530, 18531, 18532, 18533, 18534, 18535, 18536, 18537, 18538, 18539, 18540, 18541, 18542, 18543, 18544, 18545, 18546, 18547, 18548, 18549, 18550, 18551, 18552, 18553, 18554, 18555, 18556, 18557, 18558, 18559, 18560, 18561, 18562, 18563, 18564, 18565, 18566, 18567;
	setarray .src[1160], 18568, 18569, 18570, 18571, 18572, 18573, 18574, 18575, 18576, 18577, 18578, 18579, 18580, 18581, 18582, 18583, 18584, 18585, 18586, 18587, 18588, 18589, 18590, 18591, 18592, 18593, 18594, 18595, 18596, 18597, 18598, 18599, 18600, 18601, 18602, 18603, 18604, 18605, 18606, 18607;
	setarray .src[1200], 18608, 18609, 18610, 18611, 18612, 18613, 18614, 18615, 18616, 18617, 18618, 18619, 18620, 18621, 18622, 18623, 18624, 18625, 18626, 18627, 18628, 18629, 18630, 18631, 18632, 18633, 18634, 18635, 18636, 18637, 18638, 18639, 18640, 18641, 18642, 18643, 18644, 18645, 18646, 18647;
	setarray .src[1240], 18648, 18649, 18650, 18651, 18652, 18653, 18655, 18656, 18657, 18658, 18659, 18660, 18661, 18662, 18663, 18664, 18665, 18666, 18667, 18668, 18669, 18670, 18671, 18672, 18673, 18674, 18675, 18676, 18677, 18678, 18679, 18680, 18681, 18682, 18683, 18684, 18685, 18686, 18687, 18688;
	setarray .src[1280], 18689, 18690, 18691, 18692, 18693, 18694, 18695, 18696, 18697, 18698, 18699, 18700, 18701, 18702, 18703, 18704, 18705, 18706, 18707, 18708, 18709, 18710, 18711, 18712, 18713, 18714, 18715, 18716, 18718, 18720, 18724, 18725, 18726, 18727, 18728, 18729, 18730, 18731, 18732, 18733;
	setarray .src[1320], 18734, 18735, 18736, 18737, 18738, 18739, 18745, 18746, 18747, 18748, 18749, 18750, 18751, 18752, 18753, 18754, 18755, 18756, 18758, 18759, 18760, 18761, 18762, 18763, 18764, 18765, 18766, 18767, 18768, 18769, 18770, 18771, 18772, 18773, 18774, 18775, 18776, 18777, 18778, 18779;
	setarray .src[1360], 18780, 18781, 18782, 18783, 18784, 18785, 18786, 18787, 18788, 18789, 18790, 18791, 18792, 18793, 18796, 18797, 18798, 18799, 18801, 18802, 18803, 18804, 18805, 18806, 18807, 18808, 18809, 18810, 18811, 18812, 18813, 18814, 18815, 18816, 18817, 18818, 18819, 18820, 18821, 18822;
	setarray .src[1400], 18823, 18824, 18825, 18827, 18828, 18829, 18830, 18831, 18832, 18833, 18834, 18838, 18839, 18841, 18842, 18843, 18844, 18845, 18846, 18847, 18848, 18849, 18850, 18851, 18852, 18853, 18854, 18855, 18856, 18857, 18858, 18859, 18860, 18861, 18864, 18865, 18867, 18868, 18869, 18870;
	setarray .src[1440], 18871, 18872, 18873, 18874, 18877, 18878, 18879, 18880, 18881, 18882, 18883, 18884, 18885, 18887, 18888, 18889, 18890, 18891, 18892, 18893, 18894, 18895, 18896, 18897, 18898, 18900, 18901, 18902, 18903, 18904, 18905, 18906, 18908, 18909, 18910, 18912, 18913, 18914, 18915, 18916;
	setarray .src[1480], 18917, 18918, 18919, 18920, 18922, 18923, 18924, 18925, 18926, 18929, 18930, 18931, 18932, 18933, 18934, 18935, 18936, 18937, 18938, 18939, 18940, 18941, 18942, 18943, 18947, 18948, 18949, 18950, 18954, 18955, 18956, 18959, 18960, 18962, 18965, 18968, 18969, 18970, 18971, 18972;
	setarray .src[1520], 18973, 18974, 18975, 18976, 18977, 18978, 18979, 18980, 18981, 18982, 18983, 18984, 18985, 18987, 18992, 18993, 18997, 19004, 19006, 19010, 19011, 19014, 19018, 19019, 19020, 19021, 19022, 19023, 19024, 19025, 19026, 19027, 19028, 19030, 19031, 19033, 19034, 19035, 19036, 19037;
	setarray .src[1560], 19038, 19039, 19041, 19042, 19043, 19044, 19045, 19047, 19050, 19051, 19052, 19053, 19079, 19080, 19081, 19082, 19083, 19084, 19085, 19086, 19087, 19088, 19089, 19090, 19091, 19092, 19093, 19094, 19095, 19096, 19097, 19098, 19101, 19102, 19103, 19104, 19105, 19106, 19107, 19108;
	setarray .src[1600], 19109, 19110, 19111, 19112, 19113, 19114, 19115, 19116, 19117, 19118, 19119, 19125, 19126, 19127, 19128, 19129, 19130, 19131, 19132, 19133, 19134, 19135, 19136, 19137, 19138, 19139, 19140, 19141, 19142, 19143, 19144, 19145, 19146, 19147, 19148, 19149, 19150, 19151, 19152, 19153;
	setarray .src[1640], 19154, 19155, 19156, 19157, 19159, 19162, 19163, 19164, 19165, 19166, 19168, 19169, 19170, 19171, 19172, 19173, 19174, 19175, 19176, 19177, 19178, 19179, 19180, 19181, 19185, 19189, 19190, 19191, 19192, 19193, 19194, 19195, 19196, 19197, 19198, 19199, 19200, 19201, 19202, 19203;
	setarray .src[1680], 19204, 19205, 19209, 19210, 19211, 19212, 19217, 19218, 19219, 19221, 19223, 19238, 19239, 19240, 19241, 19242, 19243, 19244, 19245, 19246, 19247, 19249, 19252, 19256, 19261, 19262, 19263, 19264, 19265, 19266, 19267, 19268, 19269, 19272, 19273, 19274, 19275, 19276, 19277, 19283;
	setarray .src[1720], 19284, 19285, 19286, 19295, 19296, 19298, 19299, 19300, 19306, 19307, 19308, 19310, 19311, 19312, 19313, 19314, 19316, 19318, 19319, 19320, 19321, 19326, 19327, 19328, 19329, 19337, 19338, 19339, 19340, 19341, 19342, 19343, 19344, 19347, 19349, 19350, 19353, 19364, 19366, 19367;
	setarray .src[1760], 19371, 19373, 19379, 19380, 19381, 19382, 19387, 19388, 19389, 19390, 19391, 19396, 19397, 19398, 19399, 19400, 19401, 19402, 19404, 19405, 19406, 19407, 19408, 19409, 19410, 19411, 19412, 19415, 19425, 19426, 19427, 19428, 19433, 19435, 19436, 19437, 19438, 19439, 19443, 19444;
	setarray .src[1800], 19445, 19446, 19447, 19449, 19451, 19452, 19453, 19460, 19462, 19463, 19465, 19468, 19469, 19471, 19473, 19474, 19475, 19476, 19477, 19478, 19479, 19480, 19481, 19482, 19483, 19484, 19485, 19486, 19487, 19488, 19489, 19490, 19491, 19492, 19495, 19496, 19498, 19499, 21201, 21205;
	setarray .src[1840], 28502, 400000, 400001, 400002, 400003, 400006, 400011, 400014, 400015, 400017, 400018, 400021, 400022, 400023, 400043, 400044, 400045, 400047, 400048, 400049, 400050, 400051, 400052, 400053, 400054, 400059, 400060, 400061, 400064, 400070, 400075, 400077, 400078, 400079, 400082, 400083, 400084, 400085, 400086, 400087;
	setarray .src[1880], 400088, 400089, 400090, 400094, 400095, 400097, 400098, 400099, 400101, 400105, 400106, 400107, 400109, 400110, 400111, 400113, 400114, 400116, 400117, 400118, 400119, 400120, 400121, 400122, 400123, 400125, 400127, 400134, 400135, 400141, 400142, 400145, 400146, 400150, 400151, 400152, 400153, 400154, 400155, 400156;
	setarray .src[1920], 400164, 400177, 400178, 400179, 400180, 400181, 400187, 400189, 400190, 400191, 400192, 400194, 400198, 400199, 400200, 400201, 400203, 400213, 400216, 400217, 400218, 400219, 400226, 400227, 400228, 400229, 400230, 400231, 400233, 400234, 400235, 400236, 400237, 400238, 400239, 400240, 400241, 400242, 400243, 400244;
	setarray .src[1960], 400245, 400246, 400257, 400261, 400262, 400263, 400264, 400265, 400266, 400267, 400268, 400273, 400274, 400275, 400276, 400279, 400286, 400287, 400291, 400295, 400307, 400336, 400337, 400338, 400339, 400340, 400344, 400345, 400359, 400360, 400368, 400371, 400374, 400375, 400376, 400377, 400378, 400379, 400380, 400381;
	setarray .src[2000], 400382, 400383, 400384, 400385, 400386, 400387, 400388, 400389, 400390, 400391, 400392, 400393, 400394, 400395, 400396, 400399, 400400, 400401, 400408, 400409, 400410, 400411, 400412, 400413, 400416, 400417, 400418, 400419, 400420, 400421, 400433, 400437, 400438, 400440, 400441, 400442, 400443, 400445, 400447, 400453;
	setarray .src[2040], 400454, 400455, 400456, 400457, 400463, 400464, 400465, 400467, 400468, 400469, 400470, 400472, 400473, 400474, 400476, 400477, 400478, 400479, 400481, 400482, 400483, 400486, 400487, 400488, 400489, 400498, 400499, 400500, 400501, 400505, 400506, 400511, 400512, 400513, 400528, 400529, 400530, 400531, 400532, 400533;
	setarray .src[2080], 400534, 400535, 400536, 400537, 400538, 400539, 400540, 400541, 400542, 400543, 400544, 400545, 400546, 400547, 400548, 400549, 400550, 400551, 400556, 400566, 400574, 400575, 400576, 400577, 400578, 400579, 400581, 400582, 400584, 400592, 400593, 400597, 400601, 400602, 400608, 400609, 400610, 400614, 400619, 400622;
	setarray .src[2120], 400624, 400628, 400629, 400630, 400631, 400632, 400642, 400643, 400644, 400645, 400646, 400647, 400648, 400649, 400650, 400651, 400652, 400658, 400659, 400660, 400661, 400662, 400663, 400667, 400672, 400673, 400674, 400675, 400676, 400677, 400679, 400680, 400688, 400694, 400695, 400696, 400697, 400699, 400710, 400711;
	setarray .src[2160], 400715, 400721, 400722, 400723, 400724, 400740, 400742, 400750, 400753, 400758, 400759, 400766, 400787, 400975, 400976, 400977, 400978, 400979, 400980, 400981, 400982, 400983, 400984, 400985, 400986, 400987, 400988, 400989, 400990, 400991, 400992, 401055, 401056, 401057, 401058, 401059, 401060, 401115, 401116, 401117;
	setarray .src[2200], 401118, 401119, 401120, 401239, 401240, 401241, 401242, 401243, 410000, 410001, 410002, 410003, 410004, 410007, 410008, 410009, 410010, 410012, 410013, 410014, 410015, 410016, 410017, 410018, 410019, 410020, 410023, 410024, 410025, 410026, 410027, 410028, 410057, 410058, 410064, 410065, 410066, 410067, 410070, 410071;
	setarray .src[2240], 410079, 410080, 410084, 410085, 410088, 410089, 410090, 410091, 410092, 410093, 410094, 410096, 410097, 410100, 410101, 410102, 410109, 410110, 410119, 410120, 410124, 410125, 410129, 410130, 410136, 410137, 410139, 410140, 410141, 410142, 410158, 410159, 410185, 410186, 410207, 410208, 410209, 410210, 410211, 410213;
	setarray .src[2280], 410215, 410216, 410232, 410233, 410235, 410243, 410244, 410247, 410254, 410269, 410270, 410271, 410272, 410273, 410274, 410275, 410284, 410285, 410291, 410294, 410298, 410299, 410302, 410303, 410304, 410305, 410306, 410322, 410323, 410332, 410333, 410334, 410335, 410336, 410337, 410339, 410340, 410341, 410342, 410344;
	setarray .src[2320], 410345, 410346, 410347, 410348, 410349, 410362, 410587, 410588, 410589, 410590, 410591, 410592, 420000, 420003, 420004, 420005, 420006, 420013, 420017, 420018, 420019, 420020, 420021, 420022, 420028, 420030, 420031, 420032, 420055, 420064, 420065, 420066, 420068, 420074, 420076, 420089, 420093, 420105, 420106, 420110;
	setarray .src[2360], 420112, 420129, 420130, 420131, 420135, 420137, 420138, 420139, 420153, 420154, 420155, 420158, 420160, 420164, 420174, 420178, 420179, 420180, 420182, 420186, 420187, 420194, 420198, 420199, 420210, 420213, 420215, 420216, 420220, 420223, 420225, 420235, 420236, 420238, 420239, 420246, 420247, 420248, 420249, 420250;
	setarray .src[2400], 420251, 420252, 420253, 420256, 420257, 420258, 420269, 420302, 420308, 420310, 420312, 420313, 420314, 420315, 420316, 420324, 420327, 420329, 420334, 420342, 420343, 420356, 420368, 420369, 420370, 420381, 420389, 420390, 420391, 420392, 420422, 420425, 430002, 430003, 430006, 430007, 430008, 436000, 436001, 436002;
	setarray .src[2440], 436003, 436004, 436005;
	.count = getarraysize(.src);
	.base = 73000;
	end;
}

// Costume boxes: F_RndCostumeBox(slot) gives a random costume twin that has the slot: 1 = upper, 2 = middle, 3 = lower.
// The lists hold the twin item ids of this era (a costume with several slots is in each of its slots' lists).
function	script	F_RndCostumeBox	{
	.@s = getarg(0, 1);
	if (.@s == 1) {
		setarray .@p[0], 73005, 73006, 73007, 73008, 73009, 73010, 73012, 73013, 73014, 73015, 73016, 73019, 73020, 73021, 73022, 73023, 73024, 73025, 73026, 73027, 73028, 73029, 73030, 73031, 73032, 73033, 73041, 73042, 73043, 73044, 73045, 73046, 73047, 73048, 73049, 73050, 73051, 73052, 73053, 73054;
		setarray .@p[40], 73055, 73056, 73058, 73061, 73068, 73069, 73070, 73071, 73072, 73074, 73076, 73077, 73079, 73080, 73081, 73082, 73084, 73086, 73087, 73090, 73091, 73095, 73096, 73099, 73100, 73101, 73105, 73106, 73107, 73108, 73109, 73110, 73111, 73113, 73114, 73115, 73116, 73117, 73118, 73119;
		setarray .@p[80], 73120, 73121, 73122, 73123, 73124, 73125, 73126, 73127, 73128, 73129, 73130, 73131, 73132, 73133, 73134, 73135, 73136, 73137, 73139, 73140, 73142, 73143, 73144, 73145, 73146, 73147, 73148, 73150, 73151, 73152, 73153, 73154, 73155, 73156, 73157, 73158, 73159, 73160, 73161, 73162;
		setarray .@p[120], 73163, 73164, 73165, 73167, 73168, 73169, 73170, 73171, 73173, 73174, 73175, 73176, 73177, 73178, 73179, 73180, 73181, 73182, 73189, 73190, 73191, 73192, 73193, 73195, 73196, 73197, 73198, 73201, 73203, 73204, 73206, 73207, 73209, 73210, 73212, 73213, 73214, 73215, 73216, 73217;
		setarray .@p[160], 73218, 73219, 73220, 73221, 73222, 73223, 73224, 73225, 73226, 73227, 73228, 73229, 73230, 73231, 73232, 73234, 73235, 73236, 73237, 73238, 73239, 73240, 73241, 73242, 73243, 73244, 73245, 73246, 73247, 73248, 73249, 73250, 73251, 73255, 73256, 73257, 73258, 73259, 73260, 73261;
		setarray .@p[200], 73262, 73263, 73264, 73265, 73266, 73267, 73268, 73269, 73270, 73271, 73272, 73275, 73276, 73277, 73278, 73279, 73280, 73281, 73282, 73283, 73284, 73285, 73286, 73287, 73288, 73289, 73290, 73291, 73292, 73293, 73294, 73295, 73296, 73297, 73298, 73299, 73300, 73303, 73305, 73306;
		setarray .@p[240], 73307, 73308, 73309, 73310, 73311, 73312, 73313, 73314, 73315, 73316, 73317, 73320, 73321, 73322, 73323, 73324, 73325, 73326, 73327, 73328, 73329, 73330, 73331, 73332, 73333, 73334, 73335, 73336, 73337, 73338, 73339, 73340, 73341, 73344, 73345, 73350, 73351, 73352, 73353, 73354;
		setarray .@p[280], 73355, 73356, 73357, 73358, 73359, 73360, 73361, 73362, 73363, 73364, 73365, 73366, 73367, 73368, 73369, 73371, 73372, 73373, 73374, 73375, 73376, 73377, 73378, 73379, 73380, 73381, 73382, 73383, 73384, 73385, 73387, 73388, 73389, 73390, 73391, 73392, 73393, 73394, 73395, 73396;
		setarray .@p[320], 73397, 73398, 73399, 73400, 73401, 73402, 73404, 73405, 73406, 73407, 73408, 73409, 73410, 73411, 73414, 73415, 73416, 73417, 73418, 73419, 73420, 73421, 73422, 73425, 73428, 73429, 73431, 73432, 73433, 73434, 73435, 73436, 73437, 73438, 73439, 73440, 73441, 73442, 73443, 73444;
		setarray .@p[360], 73445, 73446, 73447, 73448, 73449, 73450, 73451, 73452, 73453, 73454, 73455, 73457, 73458, 73461, 73462, 73463, 73464, 73465, 73466, 73467, 73468, 73469, 73470, 73471, 73472, 73473, 73474, 73476, 73477, 73478, 73479, 73480, 73481, 73482, 73483, 73484, 73485, 73486, 73488, 73490;
		setarray .@p[400], 73491, 73493, 73494, 73496, 73497, 73498, 73502, 73503, 73504, 73505, 73506, 73507, 73508, 73509, 73511, 73512, 73513, 73514, 73515, 73516, 73518, 73520, 73521, 73522, 73523, 73524, 73525, 73526, 73527, 73528, 73529, 73530, 73531, 73532, 73533, 73534, 73535, 73536, 73537, 73538;
		setarray .@p[440], 73539, 73540, 73541, 73542, 73544, 73545, 73546, 73547, 73548, 73549, 73550, 73551, 73552, 73553, 73554, 73555, 73556, 73557, 73558, 73559, 73562, 73563, 73564, 73565, 73566, 73567, 73570, 73571, 73572, 73574, 73575, 73576, 73577, 73578, 73579, 73580, 73582, 73583, 73584, 73585;
		setarray .@p[480], 73586, 73587, 73588, 73589, 73590, 73591, 73592, 73593, 73594, 73595, 73596, 73597, 73598, 73599, 73600, 73601, 73602, 73603, 73604, 73605, 73606, 73607, 73608, 73609, 73610, 73611, 73612, 73613, 73616, 73617, 73618, 73620, 73621, 73622, 73623, 73624, 73625, 73626, 73627, 73628;
		setarray .@p[520], 73629, 73631, 73633, 73635, 73636, 73637, 73638, 73639, 73640, 73641, 73642, 73643, 73644, 73645, 73647, 73648, 73649, 73650, 73651, 73652, 73653, 73654, 73655, 73656, 73657, 73658, 73659, 73660, 73661, 73662, 73665, 73666, 73667, 73668, 73669, 73670, 73671, 73673, 73675, 73676;
		setarray .@p[560], 73677, 73678, 73679, 73680, 73681, 73682, 73683, 73684, 73685, 73686, 73687, 73688, 73689, 73691, 73693, 73696, 73697, 73698, 73699, 73701, 73702, 73703, 73704, 73705, 73706, 73707, 73709, 73710, 73711, 73714, 73715, 73716, 73717, 73718, 73719, 73720, 73721, 73723, 73724, 73725;
		setarray .@p[600], 73726, 73727, 73728, 73729, 73730, 73731, 73732, 73733, 73734, 73735, 73736, 73737, 73738, 73740, 73741, 73742, 73743, 73744, 73745, 73747, 73749, 73750, 73751, 73752, 73753, 73755, 73756, 73757, 73758, 73759, 73760, 73762, 73763, 73764, 73765, 73766, 73767, 73768, 73769, 73770;
		setarray .@p[640], 73771, 73773, 73774, 73775, 73776, 73778, 73779, 73780, 73781, 73782, 73783, 73784, 73785, 73786, 73787, 73788, 73789, 73790, 73791, 73792, 73793, 73796, 73797, 73798, 73799, 73800, 73801, 73802, 73803, 73805, 73806, 73807, 73808, 73809, 73810, 73811, 73812, 73813, 73814, 73815;
		setarray .@p[680], 73816, 73817, 73818, 73819, 73820, 73822, 73823, 73824, 73825, 73826, 73828, 73830, 73831, 73832, 73833, 73834, 73835, 73836, 73837, 73838, 73839, 73840, 73841, 73842, 73843, 73844, 73845, 73846, 73847, 73848, 73849, 73850, 73852, 73853, 73854, 73855, 73856, 73857, 73858, 73859;
		setarray .@p[720], 73860, 73861, 73862, 73864, 73865, 73866, 73867, 73868, 73869, 73870, 73872, 73873, 73874, 73875, 73876, 73877, 73878, 73879, 73880, 73881, 73886, 73887, 73888, 73891, 73897, 73898, 73899, 73901, 73902, 73903, 73904, 73905, 73906, 73908, 73909, 73910, 73911, 73912, 73913, 73914;
		setarray .@p[760], 73916, 73917, 73918, 73919, 73920, 73921, 73922, 73923, 73924, 73925, 73926, 73927, 73932, 73933, 73935, 73937, 73938, 73939, 73940, 73941, 73942, 73943, 73944, 73945, 73949, 73951, 73952, 73953, 73954, 73955, 73956, 73960, 73961, 73962, 73963, 73964, 73965, 73966, 73967, 73968;
		setarray .@p[800], 73970, 73971, 73972, 73973, 73974, 73975, 73976, 73977, 73978, 73979, 73980, 73981, 73982, 73983, 73984, 73985, 73986, 73987, 73991, 73994, 73995, 73996, 74000, 74001, 74002, 74003, 74004, 74006, 74007, 74008, 74009, 74012, 74013, 74014, 74018, 74021, 74023, 74025, 74027, 74029;
		setarray .@p[840], 74030, 74031, 74032, 74033, 74034, 74035, 74036, 74037, 74038, 74039, 74040, 74041, 74042, 74043, 74045, 74049, 74050, 74051, 74052, 74053, 74054, 74060, 74061, 74068, 74069, 74070, 74072, 74073, 74074, 74075, 74076, 74077, 74078, 74096, 74098, 74100, 74101, 74102, 74104, 74105;
		setarray .@p[880], 74106, 74112, 74114, 74115, 74117, 74119, 74120, 74121, 74123, 74124, 74125, 74126, 74127, 74129, 74131, 74133, 74134, 74135, 74136, 74137, 74139, 74140, 74141, 74142, 74143, 74144, 74145, 74146, 74147, 74150, 74153, 74154, 74155, 74157, 74160, 74161, 74162, 74163, 74164, 74165;
		setarray .@p[920], 74166, 74167, 74170, 74171, 74172, 74173, 74174, 74175, 74176, 74177, 74178, 74179, 74180, 74181, 74182, 74184, 74185, 74186, 74187, 74188, 74189, 74190, 74192, 74193, 74197, 74202, 74204, 74205, 74206, 74210, 74211, 74214, 74215, 74216, 74217, 74218, 74220, 74221, 74222, 74223;
		setarray .@p[960], 74224, 74225, 74226, 74227, 74228, 74229, 74230, 74231, 74232, 74233, 74237, 74238, 74239, 74243, 74244, 74245, 74247, 74250, 74251, 74252, 74253, 74254, 74258, 74259, 74260, 74262, 74263, 74264, 74265, 74266, 74271, 74272, 74275, 74276, 74277, 74278, 74279, 74280, 74282, 74283;
		setarray .@p[1000], 74284, 74285, 74286, 74287, 74290, 74291, 74292, 74295, 74296, 74297, 74298, 74299, 74300, 74304, 74305, 74306, 74308, 74310, 74311, 74312, 74313, 74314, 74315, 74316, 74317, 74318, 74319, 74320, 74324, 74325, 74329, 74330, 74333, 74334, 74336, 74337, 74338, 74340, 74341, 74342;
		setarray .@p[1040], 74343, 74344, 74345, 74346, 74347, 74348, 74349, 74350, 74356, 74357, 74358, 74359, 74360, 74361, 74363, 74364, 74365, 74369, 74370, 74371, 74372, 74373, 74374, 74375, 74376, 74378, 74379, 74380, 74381, 74382, 74383, 74384, 74386, 74387, 74388, 74389, 74391, 74392, 74393, 74394;
		setarray .@p[1080], 74397, 74398, 74402, 74403, 74404, 74405, 74406, 74407, 74408, 74409, 74410, 74411, 74413, 74414, 74415, 74419, 74420, 74421, 74422, 74423, 74424, 74425, 74426, 74427, 74428, 74429, 74432, 74433, 74434, 74435, 74441, 74442, 74445, 74446, 74447, 74448, 74449, 74450, 74451, 74452;
		setarray .@p[1120], 74453, 74454, 74455, 74456, 74457, 74458, 74459, 74464, 74466, 74467, 74469, 74470, 74472, 74473, 74474, 74483, 74484, 74485, 74486, 74489, 74490, 74491, 74492, 74493, 74494, 74495, 74498, 74499, 74500, 74501, 74502, 74503, 74507, 74508, 74509, 74511, 74512, 74516, 74517, 74518;
		setarray .@p[1160], 74519, 74520, 74521, 74522, 74523, 74524, 74525, 74526, 74527, 74528, 74529, 74530, 74531, 74533, 74534, 74535, 74536, 74539, 74540, 74542, 74543, 74544, 74545, 74546, 74547, 74549, 74550, 74553, 74555, 74557, 74558, 74560, 74563, 74564, 74565, 74567, 74568, 74569, 74571, 74572;
		setarray .@p[1200], 74574, 74577, 74589, 74591, 74593, 74594, 74597, 74598, 74599, 74602, 74605, 74606, 74607, 74610, 74611, 74613, 74615, 74616, 74617, 74620, 74621, 74622, 74626, 74628, 74630, 74642, 74643, 74644, 74646, 74647, 74648, 74649, 74650, 74651, 74652, 74653, 74654, 74657, 74659, 74660;
		setarray .@p[1240], 74661, 74662, 74664, 74665, 74666, 74667, 74668, 74669, 74670, 74671, 74672, 74673, 74674, 74675, 74676, 74677, 74678, 74679, 74680, 74681, 74682, 74683, 74684, 74685, 74686, 74688, 74689, 74690, 74695, 74700, 74701, 74703, 74704, 74705, 74706, 74707, 74708, 74709, 74712, 74713;
		setarray .@p[1280], 74717, 74719, 74721, 74723, 74724, 74725, 74727, 74730, 74731, 74732, 74736, 74738, 74741, 74743, 74744, 74745, 74746, 74747, 74748, 74749, 74750, 74751, 74752, 74753, 74754, 74757, 74758, 74759, 74762, 74765, 74766, 74769, 74771, 74772, 74774, 74775, 74776, 74778, 74780, 74781;
		setarray .@p[1320], 74783, 74784, 74786, 74787, 74789, 74791, 74792, 74793, 74794, 74802, 74803, 74806, 74807, 74809, 74810, 74811, 74812, 74813, 74814, 74815, 74816, 74817, 74818, 74819, 74820, 74821, 74822, 74823, 74824, 74825, 74826, 74827, 74828, 74829, 74830, 74831, 74832, 74833, 74835, 74844;
		setarray .@p[1360], 74845, 74846, 74848, 74849, 74851, 74852, 74853, 74854, 74855, 74856, 74857, 74858, 74859, 74860, 74861, 74862, 74863, 74864, 74865, 74866, 74867, 74868, 74869, 74870, 74871, 74872, 74873, 74874, 74875, 74876, 74877, 74878, 74879, 74880, 74881, 74882, 74883, 74884, 74885, 74886;
		setarray .@p[1400], 74887, 74888, 74889, 74890, 74891, 74892, 74893, 74894, 74897, 74898, 74899, 74900, 74901, 74902, 74903, 74904, 74905, 74906, 74907, 74908, 74909, 74910, 74911, 74912, 74913, 74914, 74915, 74916, 74917, 74918, 74919, 74921, 74922, 74923, 74924, 74925, 74926, 74927, 74928, 74929;
		setarray .@p[1440], 74930, 74931, 74932, 74933, 74934, 74935, 74936, 74937, 74938, 74939, 74940, 74941, 74942, 74943, 74944, 74945, 74946, 74947, 74948, 74949, 74950, 74951, 74952, 74953, 74954, 74955, 74956, 74957, 74958, 74959, 74960, 74961, 74962, 74963, 74964, 74965, 74966, 74967, 74968, 74969;
		setarray .@p[1480], 74970, 74971, 74972, 74973, 74974, 74975, 74976, 74977, 74979, 74980, 74981, 74982, 74983, 74984, 74985, 74986, 74987, 74988, 74989, 74990, 74991, 74992, 74993, 74994, 74995, 74996, 74997, 74998, 74999, 75000, 75001, 75002, 75003, 75004, 75005, 75006, 75007, 75008, 75009, 75010;
		setarray .@p[1520], 75011, 75012, 75013, 75014, 75015, 75016, 75017, 75018, 75019, 75020, 75021, 75022, 75023, 75024, 75025, 75026, 75027, 75028, 75029, 75030, 75031, 75032, 75033, 75034, 75035, 75036, 75037, 75038, 75039, 75040, 75041, 75042, 75043, 75044, 75045, 75046, 75047, 75048, 75049, 75050;
		setarray .@p[1560], 75051, 75052, 75053, 75054, 75055, 75056, 75057, 75058, 75059, 75060, 75061, 75062, 75063, 75064, 75065, 75066, 75067, 75068, 75069, 75070, 75071, 75072, 75073, 75074, 75075, 75076, 75077, 75078, 75079, 75080, 75081, 75082, 75083, 75084, 75085, 75086, 75087, 75088, 75089, 75090;
		setarray .@p[1600], 75091, 75092, 75093, 75094, 75095, 75096, 75097, 75098, 75099, 75100, 75101, 75102, 75103, 75104, 75105, 75106, 75107, 75108, 75109, 75110, 75111, 75112, 75113, 75114, 75115, 75116, 75117, 75118, 75119, 75120, 75121, 75122, 75123, 75124, 75125, 75126, 75127, 75128, 75129, 75130;
		setarray .@p[1640], 75131, 75132, 75133, 75134, 75135, 75136, 75137, 75138, 75139, 75140, 75141, 75142, 75143, 75144, 75145, 75146, 75147, 75148, 75149, 75150, 75151, 75152, 75153, 75154, 75155, 75156, 75157, 75158, 75159, 75160, 75161, 75162, 75163, 75164, 75165, 75166, 75167, 75168, 75169, 75170;
		setarray .@p[1680], 75171, 75172, 75173, 75174, 75175, 75176, 75177, 75178, 75179, 75180, 75181, 75182, 75183, 75184, 75185, 75186, 75187, 75188, 75189, 75190, 75191, 75192, 75193, 75194, 75195, 75196, 75197, 75198, 75199, 75200, 75201, 75202, 75203, 75204, 75205, 75206, 75207, 75324, 75393, 75432;
		setarray .@p[1720], 75433, 75434, 75435, 75436;
	} else if (.@s == 2) {
		setarray .@p[0], 73000, 73001, 73002, 73003, 73004, 73011, 73023, 73024, 73036, 73039, 73040, 73057, 73060, 73061, 73073, 73075, 73078, 73083, 73085, 73088, 73089, 73092, 73093, 73094, 73097, 73103, 73104, 73112, 73120, 73138, 73141, 73144, 73166, 73172, 73183, 73184, 73185, 73186, 73187, 73188;
		setarray .@p[40], 73189, 73190, 73191, 73192, 73193, 73196, 73199, 73200, 73202, 73219, 73228, 73229, 73233, 73240, 73241, 73249, 73250, 73252, 73265, 73266, 73267, 73273, 73274, 73275, 73279, 73301, 73303, 73312, 73319, 73321, 73322, 73341, 73342, 73343, 73346, 73347, 73348, 73349, 73356, 73361;
		setarray .@p[80], 73369, 73370, 73371, 73372, 73373, 73374, 73386, 73392, 73393, 73396, 73397, 73402, 73407, 73411, 73412, 73413, 73423, 73424, 73425, 73426, 73427, 73430, 73451, 73455, 73456, 73465, 73469, 73471, 73473, 73487, 73495, 73498, 73499, 73500, 73508, 73518, 73519, 73526, 73546, 73547;
		setarray .@p[120], 73559, 73568, 73569, 73573, 73574, 73580, 73581, 73583, 73588, 73596, 73600, 73602, 73603, 73609, 73614, 73615, 73618, 73627, 73632, 73636, 73637, 73654, 73657, 73660, 73662, 73663, 73664, 73666, 73675, 73677, 73683, 73690, 73691, 73700, 73708, 73713, 73722, 73739, 73741, 73742;
		setarray .@p[160], 73743, 73744, 73748, 73761, 73764, 73777, 73795, 73804, 73821, 73823, 73824, 73825, 73829, 73832, 73844, 73851, 73853, 73860, 73878, 73882, 73883, 73884, 73885, 73886, 73889, 73890, 73896, 73900, 73904, 73910, 73915, 73928, 73929, 73930, 73931, 73936, 73939, 73946, 73947, 73958;
		setarray .@p[200], 73968, 73969, 73988, 73990, 73992, 73993, 73997, 73999, 74007, 74008, 74010, 74015, 74017, 74020, 74022, 74026, 74028, 74046, 74047, 74064, 74065, 74066, 74067, 74079, 74081, 74084, 74085, 74086, 74090, 74091, 74095, 74096, 74098, 74099, 74103, 74107, 74108, 74109, 74110, 74111;
		setarray .@p[240], 74116, 74121, 74122, 74126, 74130, 74132, 74134, 74148, 74149, 74151, 74166, 74167, 74168, 74169, 74173, 74174, 74183, 74191, 74195, 74196, 74198, 74199, 74200, 74201, 74203, 74207, 74212, 74229, 74241, 74246, 74248, 74250, 74255, 74267, 74273, 74281, 74302, 74306, 74309, 74312;
		setarray .@p[280], 74321, 74322, 74323, 74328, 74339, 74347, 74349, 74350, 74351, 74352, 74353, 74355, 74362, 74366, 74367, 74368, 74377, 74385, 74390, 74399, 74400, 74401, 74412, 74418, 74437, 74443, 74444, 74460, 74461, 74462, 74463, 74475, 74476, 74477, 74478, 74497, 74538, 74541, 74548, 74551;
		setarray .@p[320], 74552, 74553, 74554, 74556, 74559, 74561, 74562, 74566, 74570, 74575, 74576, 74578, 74579, 74580, 74581, 74582, 74583, 74584, 74585, 74586, 74587, 74595, 74597, 74600, 74601, 74604, 74608, 74609, 74612, 74613, 74614, 74618, 74619, 74624, 74627, 74641, 74644, 74645, 74656, 74657;
		setarray .@p[360], 74658, 74662, 74663, 74686, 74687, 74694, 74698, 74702, 74714, 74716, 74720, 74733, 74734, 74763, 74767, 74770, 74779, 74788, 74795, 74798, 74799, 74800, 74801, 74804, 74805, 74834, 74836, 74838, 74839, 74842, 74843, 74895, 74896, 74920, 74978, 75208, 75209, 75210, 75211, 75212;
		setarray .@p[400], 75213, 75214, 75215, 75216, 75217, 75218, 75219, 75220, 75221, 75222, 75223, 75224, 75225, 75226, 75227, 75228, 75229, 75230, 75231, 75232, 75233, 75234, 75235, 75236, 75237, 75238, 75239, 75240, 75241, 75242, 75243, 75244, 75245, 75246, 75247, 75248, 75249, 75250, 75251, 75252;
		setarray .@p[440], 75253, 75254, 75255, 75256, 75257, 75258, 75259, 75260, 75261, 75262, 75263, 75264, 75265, 75266, 75267, 75268, 75269, 75270, 75271, 75272, 75273, 75274, 75275, 75276, 75277, 75278, 75279, 75280, 75281, 75282, 75283, 75284, 75285, 75286, 75287, 75288, 75289, 75290, 75291, 75292;
		setarray .@p[480], 75293, 75294, 75295, 75296, 75297, 75298, 75299, 75300, 75301, 75302, 75303, 75304, 75305, 75306, 75307, 75308, 75309, 75310, 75311, 75312, 75313, 75314, 75315, 75316, 75317, 75318, 75319, 75320, 75321, 75322, 75323, 75325, 75326, 75327, 75328, 75329, 75330, 75331, 75433, 75434;
		setarray .@p[520], 75435, 75436, 75437, 75438, 75439, 75440, 75441, 75442;
	} else {
		setarray .@p[0], 73017, 73018, 73034, 73035, 73037, 73038, 73059, 73061, 73062, 73063, 73064, 73065, 73066, 73067, 73075, 73078, 73085, 73089, 73094, 73098, 73102, 73103, 73144, 73149, 73151, 73184, 73185, 73186, 73187, 73188, 73194, 73205, 73208, 73211, 73229, 73241, 73253, 73254, 73264, 73265;
		setarray .@p[40], 73266, 73274, 73301, 73302, 73304, 73318, 73361, 73370, 73392, 73397, 73402, 73403, 73407, 73412, 73430, 73459, 73460, 73465, 73475, 73489, 73492, 73498, 73501, 73508, 73510, 73517, 73518, 73526, 73543, 73546, 73547, 73559, 73560, 73561, 73573, 73580, 73581, 73583, 73592, 73602;
		setarray .@p[80], 73619, 73630, 73632, 73634, 73637, 73646, 73663, 73664, 73672, 73674, 73675, 73692, 73694, 73695, 73700, 73712, 73744, 73746, 73754, 73772, 73794, 73827, 73832, 73851, 73860, 73863, 73871, 73878, 73883, 73885, 73892, 73893, 73894, 73895, 73904, 73907, 73910, 73934, 73948, 73950;
		setarray .@p[120], 73957, 73959, 73989, 73998, 74005, 74011, 74016, 74019, 74024, 74044, 74048, 74055, 74056, 74057, 74058, 74059, 74062, 74063, 74071, 74080, 74082, 74083, 74087, 74088, 74089, 74092, 74093, 74094, 74096, 74097, 74098, 74113, 74116, 74118, 74122, 74128, 74132, 74138, 74152, 74156;
		setarray .@p[160], 74158, 74159, 74167, 74194, 74196, 74198, 74208, 74209, 74213, 74219, 74234, 74235, 74236, 74240, 74241, 74242, 74249, 74256, 74257, 74261, 74268, 74269, 74270, 74274, 74288, 74289, 74293, 74294, 74301, 74303, 74307, 74312, 74326, 74327, 74331, 74332, 74335, 74349, 74350, 74354;
		setarray .@p[200], 74355, 74367, 74395, 74396, 74401, 74416, 74417, 74430, 74431, 74436, 74437, 74438, 74439, 74440, 74465, 74468, 74471, 74479, 74480, 74481, 74482, 74487, 74488, 74496, 74504, 74505, 74506, 74510, 74513, 74514, 74515, 74532, 74537, 74547, 74553, 74573, 74583, 74587, 74588, 74590;
		setarray .@p[240], 74592, 74596, 74597, 74598, 74603, 74619, 74623, 74625, 74627, 74629, 74631, 74632, 74633, 74634, 74635, 74636, 74637, 74638, 74639, 74640, 74644, 74655, 74657, 74686, 74691, 74692, 74693, 74696, 74697, 74699, 74710, 74711, 74715, 74718, 74722, 74726, 74728, 74729, 74735, 74737;
		setarray .@p[280], 74739, 74740, 74742, 74755, 74756, 74760, 74761, 74764, 74768, 74773, 74777, 74782, 74785, 74788, 74790, 74796, 74797, 74808, 74837, 74838, 74839, 74840, 74841, 74847, 74850, 75332, 75333, 75334, 75335, 75336, 75337, 75338, 75339, 75340, 75341, 75342, 75343, 75344, 75345, 75346;
		setarray .@p[320], 75347, 75348, 75349, 75350, 75351, 75352, 75353, 75354, 75355, 75356, 75357, 75358, 75359, 75360, 75361, 75362, 75363, 75364, 75365, 75366, 75367, 75368, 75369, 75370, 75371, 75372, 75373, 75374, 75375, 75376, 75377, 75378, 75379, 75380, 75381, 75382, 75383, 75384, 75385, 75386;
		setarray .@p[360], 75387, 75388, 75389, 75390, 75391, 75392, 75394, 75395, 75396, 75397, 75398, 75399, 75400, 75401, 75402, 75403, 75404, 75405, 75406, 75407, 75408, 75409, 75410, 75411, 75412, 75413, 75414, 75415, 75416, 75417, 75418, 75419, 75420, 75421, 75422, 75423, 75424, 75425, 75426, 75427;
		setarray .@p[400], 75428, 75429, 75430, 75431, 75437, 75438, 75439, 75440, 75441, 75442;
	}
	.@n = getarraysize(.@p);
	.@id = .@p[rand(.@n)];
	getitem .@id, 1;
	specialeffect2 EF_COIN;
	dispbottom "The box held: " + getitemname(.@id) + "!", 0x00FF88;
	return;
}
