// Costume collection boxes (pre-renewal). F_RndCostume(slot): 0 = any (head slots and garments), 1 = upper, 2 = middle,
// 3 = lower. The costumes are the collection of costume-collector by Thomas (ids 70000-71301, defined in db/item_db.yml).
// Only costumes that fill ONE slot are listed: the server only hides a costume with the "view costume" option when it
// fills a single slot. Add or remove ids freely.

function	script	F_RndCostume	{
	.@s = getarg(0, 0);
	if (.@s == 1) {
		setarray .@p[0], 70001, 70002, 70003, 70006, 70007, 70008, 70013, 70015, 70016, 70017, 70018, 70019, 70020, 70021, 70022, 70023, 70024, 70025, 70026, 70027, 70029, 70030, 70032, 70033, 70035, 70036, 70037, 70038, 70043, 70044, 70045, 70046, 70047, 70048, 70049, 70057, 70058, 70059, 70060, 70065;
		setarray .@p[40], 70068, 70069, 70070, 70071, 70072, 70073, 70075, 70076, 70077, 70079, 70081, 70082, 70084, 70085, 70086, 70087, 70088, 70089, 70090, 70091, 70092, 70093, 70094, 70095, 70096, 70097, 70098, 70099, 70100, 70101, 70102, 70107, 70108, 70113, 70114, 70116, 70117, 70118, 70119, 70120;
		setarray .@p[80], 70122, 70123, 70125, 70126, 70127, 70128, 70129, 70130, 70131, 70132, 70134, 70136, 70138, 70139, 70142, 70145, 70146, 70147, 70148, 70149, 70151, 70152, 70153, 70154, 70155, 70156, 70157, 70158, 70159, 70160, 70161, 70162, 70163, 70164, 70165, 70166, 70167, 70169, 70170, 70174;
		setarray .@p[120], 70175, 70176, 70177, 70180, 70181, 70183, 70184, 70185, 70186, 70187, 70189, 70190, 70192, 70193, 70194, 70195, 70196, 70197, 70198, 70199, 70200, 70201, 70202, 70203, 70204, 70205, 70206, 70208, 70210, 70211, 70212, 70213, 70214, 70215, 70216, 70217, 70219, 70220, 70223, 70224;
		setarray .@p[160], 70225, 70226, 70227, 70229, 70233, 70234, 70235, 70236, 70239, 70240, 70244, 70245, 70246, 70248, 70252, 70253, 70254, 70256, 70257, 70258, 70261, 70262, 70263, 70266, 70267, 70268, 70269, 70272, 70273, 70274, 70275, 70277, 70279, 70281, 70284, 70285, 70290, 70291, 70292, 70294;
		setarray .@p[200], 70295, 70297, 70298, 70299, 70300, 70301, 70302, 70303, 70304, 70306, 70307, 70308, 70309, 70310, 70311, 70313, 70317, 70319, 70320, 70322, 70323, 70324, 70326, 70327, 70328, 70329, 70330, 70331, 70332, 70334, 70335, 70336, 70337, 70338, 70339, 70341, 70342, 70345, 70346, 70347;
		setarray .@p[240], 70348, 70349, 70350, 70351, 70352, 70353, 70354, 70355, 70356, 70357, 70358, 70359, 70360, 70361, 70362, 70364, 70365, 70367, 70369, 70370, 70371, 70372, 70374, 70375, 70381, 70382, 70383, 70384, 70385, 70386, 70387, 70388, 70389, 70390, 70392, 70394, 70395, 70399, 70400, 70401;
		setarray .@p[280], 70402, 70404, 70405, 70406, 70407, 70411, 70412, 70414, 70415, 70416, 70417, 70418, 70419, 70420, 70421, 70422, 70424, 70426, 70427, 70429, 70431, 70432, 70433, 70434, 70435, 70436, 70437, 70438, 70439, 70440, 70441, 70442, 70443, 70444, 70445, 70446, 70447, 70448, 70449, 70450;
		setarray .@p[320], 70451, 70452, 70453, 70454, 70455, 70457, 70458, 70459, 70460, 70461, 70462, 70463, 70465, 70466, 70468, 70470, 70471, 70472, 70473, 70474, 70475, 70476, 70477, 70480, 70481, 70482, 70484, 70485, 70486, 70487, 70489, 70490, 70491, 70492, 70493, 70495, 70496, 70497, 70498, 70499;
		setarray .@p[360], 70500, 70503, 70504, 70505, 70508, 70509, 70510, 70512, 70513, 70514, 70516, 70517, 70518, 70519, 70520, 70521, 70522, 70523, 70524, 70525, 70527, 70528, 70529, 70530, 70532, 70534, 70535, 70536, 70537, 70538, 70539, 70540, 70541, 70544, 70545, 70546, 70547, 70549, 70550, 70551;
		setarray .@p[400], 70552, 70553, 70554, 70555, 70556, 70557, 70558, 70559, 70560, 70561, 70563, 70564, 70565, 70566, 70567, 70568, 70569, 70570, 70571, 70572, 70574, 70575, 70576, 70577, 70580, 70581, 70582, 70583, 70584, 70585, 70588, 70589, 70590, 70591, 70592, 70593, 70598, 70599, 70600, 70601;
		setarray .@p[440], 70604, 70605, 70606, 70608, 70609, 70610, 70611, 70619, 70622, 70624, 70626, 70628, 70629, 70630, 70631, 70632, 70635, 70636, 70638, 70641, 70642, 70643, 70644, 70645, 70646, 70647, 70648, 70649, 70650, 70651, 70652, 70654, 70655, 70656, 70657, 70658, 70659, 70660, 70661, 70664;
		setarray .@p[480], 70666, 70667, 70669, 70670, 70673, 70674, 70675, 70677, 70678, 70679, 70682, 70684, 70686, 70687, 70688, 70689, 70690, 70692, 70694, 70695, 70696, 70697, 70698, 70699, 70701, 70702, 70703, 70706, 70707, 70708, 70711, 70712, 70713, 70715, 70717, 70718, 70719, 70720, 70721, 70722;
		setarray .@p[520], 70723, 70724, 70726, 70727, 70728, 70730, 70731, 70732, 70733, 70735, 70736, 70737, 70738, 70739, 70741, 70742, 70743, 70744, 70745, 70746, 70749, 70750, 70751, 70752, 70755, 70756, 70759, 70760, 70761, 70763, 70764, 70768, 70769, 70770, 70771, 70773, 70779, 70780, 70783, 70785;
		setarray .@p[560], 70787, 70790, 70792, 70793, 70794, 70795, 70796, 70797, 70799, 70800, 70806, 70807, 70808, 70831, 70832, 70833, 70834, 70835, 70837, 70838, 70840, 70841, 70842, 70843, 70844, 70845, 70846, 70851, 70852, 70853, 70855, 70858, 70859, 70860, 70865, 70866, 70882, 70883, 70884, 70885;
		setarray .@p[600], 70886, 70887, 70888, 70893, 70894, 70895, 70896, 70898, 70899, 70900, 70901, 70902, 70903, 70904, 70906, 70909, 70910, 70912, 70913, 70915, 70918, 70919, 70925, 70926, 70927, 70929, 70932, 70933, 70936, 70937, 70939, 70940, 70941, 70942, 70943, 70944, 70945, 70946, 70947, 70948;
		setarray .@p[640], 70949, 70951, 70953, 70954, 70955, 70956, 70957, 70958, 70959, 70963, 70964, 70965, 70966, 70967, 70968, 70969, 70970, 70971, 70972, 70973, 70974, 70975, 70976, 70977, 70978, 70979, 70980, 70981, 70982, 70983, 70984, 70985, 70986, 70987, 70988, 70989, 70990, 70991, 70995, 70996;
		setarray .@p[680], 70997, 70999, 71000, 71002, 71003, 71004, 71005, 71006, 71007, 71008, 71009, 71010, 71013, 71014, 71017, 71021, 71022, 71023, 71024, 71025, 71026, 71028, 71029, 71030, 71033, 71034, 71035, 71036, 71037, 71038, 71039, 71041, 71042, 71044, 71045, 71046, 71047, 71048, 71050, 71051;
		setarray .@p[720], 71052, 71053, 71056, 71058, 71059, 71061, 71062, 71063, 71064, 71066, 71067, 71068, 71069, 71070, 71072, 71073, 71075, 71076, 71078, 71080, 71081, 71083, 71084, 71085, 71086, 71087, 71088, 71089, 71090, 71091, 71093, 71094, 71095, 71097, 71129, 71130, 71131, 71133, 71135, 71136;
		setarray .@p[760], 71137, 71138, 71139, 71140, 71143, 71144, 71149, 71176, 71177, 71178, 71179, 71180, 71182, 71183, 71188, 71190, 71191, 71193, 71196, 71198, 71201, 71202, 71204, 71205, 71206, 71207, 71209, 71211, 71212, 71214, 71215, 71216, 71217, 71218, 71219, 71222, 71224, 71225, 71228, 71231;
		setarray .@p[800], 71232, 71233, 71234, 71236, 71238, 71240, 71241, 71244, 71246, 71249, 71250, 71251, 71252, 71254, 71255, 71256, 71257, 71258, 71261, 71263, 71265, 71266, 71267, 71268, 71272, 71273, 71275, 71276, 71278, 71279, 71282, 71286, 71287, 71288, 71289, 71292, 71296, 71297;
	}
	else if (.@s == 2) {
		setarray .@p[0], 70004, 70009, 70010, 70011, 70012, 70042, 70050, 70051, 70083, 70103, 70109, 70111, 70121, 70124, 70143, 70168, 70178, 70218, 70230, 70231, 70237, 70247, 70250, 70260, 70264, 70271, 70276, 70282, 70283, 70286, 70287, 70305, 70321, 70325, 70340, 70363, 70368, 70376, 70377, 70378;
		setarray .@p[40], 70379, 70380, 70391, 70397, 70403, 70413, 70430, 70464, 70478, 70483, 70511, 70548, 70579, 70586, 70587, 70594, 70595, 70596, 70602, 70607, 70612, 70613, 70615, 70616, 70617, 70618, 70620, 70668, 70683, 70685, 70691, 70716, 70725, 70740, 70754, 70757, 70762, 70765, 70774, 70775;
		setarray .@p[80], 70777, 70781, 70782, 70784, 70788, 70798, 70805, 70836, 70839, 70847, 70856, 70861, 70863, 70881, 70890, 70905, 70907, 70911, 70921, 70930, 70952, 70961, 70994, 71001, 71011, 71012, 71018, 71020, 71031, 71043, 71060, 71077, 71079, 71096, 71125, 71126, 71127, 71134, 71141, 71147;
		setarray .@p[120], 71151, 71152, 71153, 71154, 71155, 71156, 71157, 71158, 71159, 71160, 71161, 71162, 71163, 71164, 71165, 71166, 71167, 71168, 71169, 71170, 71171, 71172, 71173, 71174, 71184, 71186, 71187, 71192, 71194, 71197, 71210, 71221, 71226, 71230, 71235, 71242, 71243, 71247, 71260, 71269;
		setarray .@p[160], 71271, 71274, 71280, 71283, 71293;
	}
	else if (.@s == 3) {
		setarray .@p[0], 70005, 70014, 70028, 70041, 70052, 70053, 70066, 70104, 70105, 70106, 70133, 70135, 70150, 70171, 70182, 70191, 70209, 70222, 70259, 70265, 70278, 70280, 70293, 70312, 70393, 70425, 70428, 70456, 70467, 70488, 70494, 70501, 70502, 70506, 70507, 70515, 70526, 70533, 70543, 70562;
		setarray .@p[40], 70578, 70603, 70614, 70621, 70625, 70627, 70640, 70662, 70663, 70671, 70672, 70693, 70705, 70709, 70710, 70729, 70734, 70747, 70748, 70753, 70772, 70776, 70778, 70786, 70789, 70791, 70801, 70802, 70803, 70804, 70809, 70810, 70811, 70812, 70813, 70814, 70815, 70816, 70817, 70818;
		setarray .@p[80], 70819, 70820, 70821, 70822, 70823, 70824, 70825, 70826, 70827, 70828, 70829, 70830, 70848, 70849, 70857, 70862, 70864, 70867, 70868, 70869, 70870, 70871, 70872, 70873, 70874, 70875, 70876, 70877, 70878, 70879, 70880, 70889, 70891, 70892, 70897, 70908, 70916, 70917, 70928, 70931;
		setarray .@p[120], 70934, 70950, 70960, 70962, 70992, 70998, 71019, 71032, 71040, 71049, 71055, 71057, 71071, 71074, 71082, 71092, 71099, 71100, 71101, 71102, 71103, 71104, 71105, 71106, 71107, 71108, 71109, 71110, 71111, 71112, 71113, 71114, 71115, 71116, 71117, 71118, 71119, 71120, 71121, 71122;
		setarray .@p[160], 71123, 71124, 71128, 71132, 71142, 71148, 71150, 71175, 71181, 71185, 71189, 71199, 71200, 71203, 71213, 71220, 71223, 71227, 71229, 71237, 71239, 71248, 71262, 71264, 71270, 71277, 71281, 71284, 71290, 71291, 71294, 71295, 71298, 71299, 71300, 71301;
	}
	else {
		setarray .@p[0], 70001, 70002, 70003, 70004, 70005, 70006, 70007, 70008, 70009, 70010, 70011, 70012, 70013, 70014, 70015, 70016, 70017, 70018, 70019, 70020, 70021, 70022, 70023, 70024, 70025, 70026, 70027, 70028, 70029, 70030, 70032, 70033, 70035, 70036, 70037, 70038, 70041, 70042, 70043, 70044;
		setarray .@p[40], 70045, 70046, 70047, 70048, 70049, 70050, 70051, 70052, 70053, 70057, 70058, 70059, 70060, 70065, 70066, 70068, 70069, 70070, 70071, 70072, 70073, 70075, 70076, 70077, 70079, 70081, 70082, 70083, 70084, 70085, 70086, 70087, 70088, 70089, 70090, 70091, 70092, 70093, 70094, 70095;
		setarray .@p[80], 70096, 70097, 70098, 70099, 70100, 70101, 70102, 70103, 70104, 70105, 70106, 70107, 70108, 70109, 70111, 70113, 70114, 70116, 70117, 70118, 70119, 70120, 70121, 70122, 70123, 70124, 70125, 70126, 70127, 70128, 70129, 70130, 70131, 70132, 70133, 70134, 70135, 70136, 70138, 70139;
		setarray .@p[120], 70142, 70143, 70145, 70146, 70147, 70148, 70149, 70150, 70151, 70152, 70153, 70154, 70155, 70156, 70157, 70158, 70159, 70160, 70161, 70162, 70163, 70164, 70165, 70166, 70167, 70168, 70169, 70170, 70171, 70174, 70175, 70176, 70177, 70178, 70180, 70181, 70182, 70183, 70184, 70185;
		setarray .@p[160], 70186, 70187, 70189, 70190, 70191, 70192, 70193, 70194, 70195, 70196, 70197, 70198, 70199, 70200, 70201, 70202, 70203, 70204, 70205, 70206, 70208, 70209, 70210, 70211, 70212, 70213, 70214, 70215, 70216, 70217, 70218, 70219, 70220, 70222, 70223, 70224, 70225, 70226, 70227, 70229;
		setarray .@p[200], 70230, 70231, 70233, 70234, 70235, 70236, 70237, 70239, 70240, 70244, 70245, 70246, 70247, 70248, 70250, 70252, 70253, 70254, 70256, 70257, 70258, 70259, 70260, 70261, 70262, 70263, 70264, 70265, 70266, 70267, 70268, 70269, 70271, 70272, 70273, 70274, 70275, 70276, 70277, 70278;
		setarray .@p[240], 70279, 70280, 70281, 70282, 70283, 70284, 70285, 70286, 70287, 70290, 70291, 70292, 70293, 70294, 70295, 70297, 70298, 70299, 70300, 70301, 70302, 70303, 70304, 70305, 70306, 70307, 70308, 70309, 70310, 70311, 70312, 70313, 70317, 70319, 70320, 70321, 70322, 70323, 70324, 70325;
		setarray .@p[280], 70326, 70327, 70328, 70329, 70330, 70331, 70332, 70334, 70335, 70336, 70337, 70338, 70339, 70340, 70341, 70342, 70345, 70346, 70347, 70348, 70349, 70350, 70351, 70352, 70353, 70354, 70355, 70356, 70357, 70358, 70359, 70360, 70361, 70362, 70363, 70364, 70365, 70367, 70368, 70369;
		setarray .@p[320], 70370, 70371, 70372, 70374, 70375, 70376, 70377, 70378, 70379, 70380, 70381, 70382, 70383, 70384, 70385, 70386, 70387, 70388, 70389, 70390, 70391, 70392, 70393, 70394, 70395, 70397, 70399, 70400, 70401, 70402, 70403, 70404, 70405, 70406, 70407, 70411, 70412, 70413, 70414, 70415;
		setarray .@p[360], 70416, 70417, 70418, 70419, 70420, 70421, 70422, 70424, 70425, 70426, 70427, 70428, 70429, 70430, 70431, 70432, 70433, 70434, 70435, 70436, 70437, 70438, 70439, 70440, 70441, 70442, 70443, 70444, 70445, 70446, 70447, 70448, 70449, 70450, 70451, 70452, 70453, 70454, 70455, 70456;
		setarray .@p[400], 70457, 70458, 70459, 70460, 70461, 70462, 70463, 70464, 70465, 70466, 70467, 70468, 70470, 70471, 70472, 70473, 70474, 70475, 70476, 70477, 70478, 70480, 70481, 70482, 70483, 70484, 70485, 70486, 70487, 70488, 70489, 70490, 70491, 70492, 70493, 70494, 70495, 70496, 70497, 70498;
		setarray .@p[440], 70499, 70500, 70501, 70502, 70503, 70504, 70505, 70506, 70507, 70508, 70509, 70510, 70511, 70512, 70513, 70514, 70515, 70516, 70517, 70518, 70519, 70520, 70521, 70522, 70523, 70524, 70525, 70526, 70527, 70528, 70529, 70530, 70532, 70533, 70534, 70535, 70536, 70537, 70538, 70539;
		setarray .@p[480], 70540, 70541, 70543, 70544, 70545, 70546, 70547, 70548, 70549, 70550, 70551, 70552, 70553, 70554, 70555, 70556, 70557, 70558, 70559, 70560, 70561, 70562, 70563, 70564, 70565, 70566, 70567, 70568, 70569, 70570, 70571, 70572, 70574, 70575, 70576, 70577, 70578, 70579, 70580, 70581;
		setarray .@p[520], 70582, 70583, 70584, 70585, 70586, 70587, 70588, 70589, 70590, 70591, 70592, 70593, 70594, 70595, 70596, 70598, 70599, 70600, 70601, 70602, 70603, 70604, 70605, 70606, 70607, 70608, 70609, 70610, 70611, 70612, 70613, 70614, 70615, 70616, 70617, 70618, 70619, 70620, 70621, 70622;
		setarray .@p[560], 70624, 70625, 70626, 70627, 70628, 70629, 70630, 70631, 70632, 70635, 70636, 70638, 70640, 70641, 70642, 70643, 70644, 70645, 70646, 70647, 70648, 70649, 70650, 70651, 70652, 70654, 70655, 70656, 70657, 70658, 70659, 70660, 70661, 70662, 70663, 70664, 70666, 70667, 70668, 70669;
		setarray .@p[600], 70670, 70671, 70672, 70673, 70674, 70675, 70677, 70678, 70679, 70682, 70683, 70684, 70685, 70686, 70687, 70688, 70689, 70690, 70691, 70692, 70693, 70694, 70695, 70696, 70697, 70698, 70699, 70701, 70702, 70703, 70705, 70706, 70707, 70708, 70709, 70710, 70711, 70712, 70713, 70715;
		setarray .@p[640], 70716, 70717, 70718, 70719, 70720, 70721, 70722, 70723, 70724, 70725, 70726, 70727, 70728, 70729, 70730, 70731, 70732, 70733, 70734, 70735, 70736, 70737, 70738, 70739, 70740, 70741, 70742, 70743, 70744, 70745, 70746, 70747, 70748, 70749, 70750, 70751, 70752, 70753, 70754, 70755;
		setarray .@p[680], 70756, 70757, 70759, 70760, 70761, 70762, 70763, 70764, 70765, 70768, 70769, 70770, 70771, 70772, 70773, 70774, 70775, 70776, 70777, 70778, 70779, 70780, 70781, 70782, 70783, 70784, 70785, 70786, 70787, 70788, 70789, 70790, 70791, 70792, 70793, 70794, 70795, 70796, 70797, 70798;
		setarray .@p[720], 70799, 70800, 70801, 70802, 70803, 70804, 70805, 70806, 70807, 70808, 70809, 70810, 70811, 70812, 70813, 70814, 70815, 70816, 70817, 70818, 70819, 70820, 70821, 70822, 70823, 70824, 70825, 70826, 70827, 70828, 70829, 70830, 70831, 70832, 70833, 70834, 70835, 70836, 70837, 70838;
		setarray .@p[760], 70839, 70840, 70841, 70842, 70843, 70844, 70845, 70846, 70847, 70848, 70849, 70851, 70852, 70853, 70855, 70856, 70857, 70858, 70859, 70860, 70861, 70862, 70863, 70864, 70865, 70866, 70867, 70868, 70869, 70870, 70871, 70872, 70873, 70874, 70875, 70876, 70877, 70878, 70879, 70880;
		setarray .@p[800], 70881, 70882, 70883, 70884, 70885, 70886, 70887, 70888, 70889, 70890, 70891, 70892, 70893, 70894, 70895, 70896, 70897, 70898, 70899, 70900, 70901, 70902, 70903, 70904, 70905, 70906, 70907, 70908, 70909, 70910, 70911, 70912, 70913, 70915, 70916, 70917, 70918, 70919, 70920, 70921;
		setarray .@p[840], 70922, 70923, 70924, 70925, 70926, 70927, 70928, 70929, 70930, 70931, 70932, 70933, 70934, 70936, 70937, 70939, 70940, 70941, 70942, 70943, 70944, 70945, 70946, 70947, 70948, 70949, 70950, 70951, 70952, 70953, 70954, 70955, 70956, 70957, 70958, 70959, 70960, 70961, 70962, 70963;
		setarray .@p[880], 70964, 70965, 70966, 70967, 70968, 70969, 70970, 70971, 70972, 70973, 70974, 70975, 70976, 70977, 70978, 70979, 70980, 70981, 70982, 70983, 70984, 70985, 70986, 70987, 70988, 70989, 70990, 70991, 70992, 70994, 70995, 70996, 70997, 70998, 70999, 71000, 71001, 71002, 71003, 71004;
		setarray .@p[920], 71005, 71006, 71007, 71008, 71009, 71010, 71011, 71012, 71013, 71014, 71017, 71018, 71019, 71020, 71021, 71022, 71023, 71024, 71025, 71026, 71028, 71029, 71030, 71031, 71032, 71033, 71034, 71035, 71036, 71037, 71038, 71039, 71040, 71041, 71042, 71043, 71044, 71045, 71046, 71047;
		setarray .@p[960], 71048, 71049, 71050, 71051, 71052, 71053, 71055, 71056, 71057, 71058, 71059, 71060, 71061, 71062, 71063, 71064, 71066, 71067, 71068, 71069, 71070, 71071, 71072, 71073, 71074, 71075, 71076, 71077, 71078, 71079, 71080, 71081, 71082, 71083, 71084, 71085, 71086, 71087, 71088, 71089;
		setarray .@p[1000], 71090, 71091, 71092, 71093, 71094, 71095, 71096, 71097, 71099, 71100, 71101, 71102, 71103, 71104, 71105, 71106, 71107, 71108, 71109, 71110, 71111, 71112, 71113, 71114, 71115, 71116, 71117, 71118, 71119, 71120, 71121, 71122, 71123, 71124, 71125, 71126, 71127, 71128, 71129, 71130;
		setarray .@p[1040], 71131, 71132, 71133, 71134, 71135, 71136, 71137, 71138, 71139, 71140, 71141, 71142, 71143, 71144, 71147, 71148, 71149, 71150, 71151, 71152, 71153, 71154, 71155, 71156, 71157, 71158, 71159, 71160, 71161, 71162, 71163, 71164, 71165, 71166, 71167, 71168, 71169, 71170, 71171, 71172;
		setarray .@p[1080], 71173, 71174, 71175, 71176, 71177, 71178, 71179, 71180, 71181, 71182, 71183, 71184, 71185, 71186, 71187, 71188, 71189, 71190, 71191, 71192, 71193, 71194, 71196, 71197, 71198, 71199, 71200, 71201, 71202, 71203, 71204, 71205, 71206, 71207, 71209, 71210, 71211, 71212, 71213, 71214;
		setarray .@p[1120], 71215, 71216, 71217, 71218, 71219, 71220, 71221, 71222, 71223, 71224, 71225, 71226, 71227, 71228, 71229, 71230, 71231, 71232, 71233, 71234, 71235, 71236, 71237, 71238, 71239, 71240, 71241, 71242, 71243, 71244, 71246, 71247, 71248, 71249, 71250, 71251, 71252, 71254, 71255, 71256;
		setarray .@p[1160], 71257, 71258, 71260, 71261, 71262, 71263, 71264, 71265, 71266, 71267, 71268, 71269, 71270, 71271, 71272, 71273, 71274, 71275, 71276, 71277, 71278, 71279, 71280, 71281, 71282, 71283, 71284, 71286, 71287, 71288, 71289, 71290, 71291, 71292, 71293, 71294, 71295, 71296, 71297, 71298;
		setarray .@p[1200], 71299, 71300, 71301;
	}
	.@n = getarraysize(.@p);
	.@id = .@p[rand(.@n)];
	getitem .@id, 1;
	specialeffect2 EF_COIN;
	dispbottom "The box held: " + getitemname(.@id) + "!", 0x00FF88;
	return;
}
