// Random Headgear Box -- picks one headgear from the pool below.
// The pool is every headgear in the stock pre-renewal item database that no monster drops and no NPC
// sells or gives out (417 items, found by searching the database and NPC scripts). Add or remove ids
// freely; the rest of the script adapts. The full list is in POOL.md.

function	script	F_RndHeadgearBox	{
	setarray .@p[0], 2219, 2237, 2686, 2687, 5013, 5020, 5044, 5051, 5056, 5100, 5101, 5102, 5103, 5106, 5129, 5131, 5132, 5133, 5135, 5144, 5145, 5146, 5148, 5150, 5151, 5153, 5154, 5155, 5156, 5178, 5179, 5180, 5184, 5188, 5189, 5190, 5198, 5199, 5200, 5201;
	setarray .@p[40], 5204, 5206, 5207, 5208, 5209, 5210, 5214, 5215, 5216, 5218, 5219, 5220, 5221, 5222, 5223, 5224, 5225, 5226, 5244, 5245, 5246, 5247, 5248, 5249, 5251, 5252, 5253, 5254, 5255, 5257, 5258, 5263, 5264, 5265, 5266, 5267, 5268, 5269, 5277, 5278;
	setarray .@p[80], 5279, 5280, 5281, 5282, 5283, 5284, 5285, 5286, 5287, 5288, 5290, 5291, 5292, 5293, 5294, 5295, 5300, 5301, 5303, 5306, 5307, 5308, 5309, 5310, 5311, 5312, 5313, 5314, 5315, 5316, 5317, 5318, 5319, 5320, 5321, 5323, 5324, 5325, 5326, 5327;
	setarray .@p[120], 5328, 5329, 5330, 5331, 5333, 5334, 5335, 5336, 5337, 5338, 5339, 5340, 5341, 5342, 5343, 5344, 5345, 5346, 5352, 5354, 5355, 5356, 5357, 5358, 5359, 5360, 5361, 5362, 5363, 5365, 5366, 5367, 5368, 5369, 5370, 5371, 5372, 5373, 5375, 5376;
	setarray .@p[160], 5377, 5378, 5379, 5380, 5381, 5382, 5383, 5384, 5385, 5386, 5387, 5388, 5389, 5390, 5391, 5392, 5393, 5394, 5395, 5396, 5397, 5400, 5401, 5402, 5403, 5404, 5405, 5406, 5407, 5408, 5409, 5410, 5412, 5413, 5414, 5415, 5416, 5417, 5418, 5419;
	setarray .@p[200], 5420, 5421, 5422, 5423, 5424, 5425, 5426, 5427, 5428, 5430, 5431, 5432, 5433, 5435, 5437, 5443, 5444, 5445, 5447, 5450, 5451, 5452, 5453, 5457, 5458, 5459, 5460, 5461, 5462, 5463, 5464, 5476, 5477, 5478, 5479, 5480, 5481, 5482, 5483, 5485;
	setarray .@p[240], 5486, 5487, 5488, 5489, 5490, 5491, 5492, 5493, 5494, 5495, 5496, 5497, 5498, 5499, 5501, 5502, 5503, 5504, 5505, 5506, 5507, 5508, 5509, 5510, 5511, 5512, 5513, 5514, 5515, 5516, 5517, 5518, 5519, 5520, 5521, 5522, 5523, 5524, 5525, 5526;
	setarray .@p[280], 5527, 5528, 5529, 5530, 5531, 5532, 5533, 5535, 5537, 5538, 5539, 5540, 5541, 5542, 5543, 5544, 5545, 5546, 5547, 5548, 5549, 5550, 5552, 5553, 5554, 5556, 5557, 5558, 5559, 5560, 5561, 5562, 5564, 5565, 5566, 5567, 5568, 5569, 5570, 5572;
	setarray .@p[320], 5573, 5574, 5575, 5577, 5578, 5579, 5581, 5582, 5583, 5584, 5585, 5586, 5590, 5592, 5593, 5594, 5596, 5597, 5600, 5653, 5654, 5658, 5659, 5660, 5664, 5665, 5666, 5667, 5671, 5681, 5682, 5683, 5684, 5685, 5686, 5687, 5690, 5691, 5692, 5738;
	setarray .@p[360], 5741, 5742, 5770, 5771, 5775, 5781, 5786, 5788, 5792, 5793, 5794, 5796, 5797, 5798, 5799, 5800, 5801, 5802, 5803, 5804, 5805, 5806, 5807, 5809, 5810, 5811, 5812, 5815, 5816, 5818, 5819, 5821, 5822, 5824, 5826, 5827, 5846, 5851, 5856, 5857;
	setarray .@p[400], 5858, 5859, 18500, 18501, 18502, 18503, 18505, 18506, 18507, 18539, 18595, 18596, 18597, 18600, 18612, 18613, 18620;
	.@n = getarraysize(.@p);
	.@id = .@p[rand(.@n)];
	getitem .@id, 1;
	specialeffect2 EF_COIN;
	dispbottom "The box held: " + getitemname(.@id) + "!", 0x00FF88;
	return;
}
