// Headgear -> costume table (pre-renewal). .src[] holds every headgear item id of the era in ascending order; the costume
// twin of .src[i] is item id 73000 + i. The Costume Tailor looks ids up here with a binary search.
// Generated from the era's item database (db/item_db.yml in this folder holds the twins).

-	script	HTC_Table	-1,{
	end;

OnInit:
	setarray .src[0], 2201, 2202, 2203, 2204, 2205, 2206, 2207, 2208, 2209, 2210, 2211, 2212, 2213, 2214, 2215, 2216, 2217, 2218, 2219, 2220, 2221, 2222, 2223, 2224, 2225, 2226, 2227, 2228, 2229, 2232, 2233, 2234, 2235, 2236, 2237, 2239, 2240, 2241, 2242, 2243;
	setarray .src[40], 2244, 2245, 2246, 2247, 2248, 2249, 2250, 2251, 2252, 2253, 2254, 2255, 2256, 2257, 2258, 2259, 2260, 2261, 2262, 2263, 2264, 2265, 2266, 2267, 2268, 2269, 2270, 2271, 2272, 2273, 2274, 2275, 2276, 2277, 2278, 2279, 2280, 2281, 2282, 2283;
	setarray .src[80], 2284, 2285, 2286, 2287, 2288, 2289, 2290, 2291, 2292, 2293, 2294, 2295, 2296, 2297, 2298, 2299, 2686, 2687, 5001, 5002, 5003, 5004, 5005, 5006, 5007, 5008, 5009, 5010, 5011, 5012, 5013, 5014, 5015, 5016, 5017, 5018, 5019, 5020, 5021, 5022;
	setarray .src[120], 5023, 5024, 5025, 5026, 5027, 5028, 5029, 5030, 5031, 5032, 5033, 5034, 5035, 5036, 5037, 5038, 5039, 5040, 5041, 5042, 5043, 5044, 5045, 5046, 5047, 5048, 5049, 5050, 5051, 5052, 5053, 5054, 5055, 5056, 5057, 5058, 5059, 5060, 5061, 5062;
	setarray .src[160], 5063, 5064, 5065, 5066, 5067, 5068, 5069, 5070, 5071, 5072, 5073, 5074, 5075, 5076, 5077, 5078, 5079, 5080, 5081, 5082, 5083, 5084, 5085, 5086, 5087, 5088, 5089, 5090, 5091, 5092, 5093, 5094, 5096, 5097, 5098, 5099, 5100, 5101, 5102, 5103;
	setarray .src[200], 5104, 5105, 5106, 5107, 5108, 5109, 5110, 5111, 5112, 5113, 5114, 5115, 5116, 5117, 5118, 5119, 5120, 5121, 5122, 5123, 5124, 5125, 5126, 5127, 5128, 5129, 5130, 5131, 5132, 5133, 5134, 5135, 5136, 5137, 5138, 5139, 5140, 5141, 5142, 5143;
	setarray .src[240], 5144, 5145, 5146, 5147, 5148, 5149, 5150, 5151, 5152, 5153, 5154, 5155, 5156, 5157, 5158, 5159, 5160, 5161, 5162, 5163, 5164, 5165, 5166, 5167, 5168, 5169, 5170, 5171, 5172, 5173, 5174, 5175, 5176, 5177, 5178, 5179, 5180, 5181, 5182, 5183;
	setarray .src[280], 5184, 5185, 5186, 5187, 5188, 5189, 5190, 5191, 5192, 5193, 5194, 5195, 5196, 5197, 5198, 5199, 5200, 5201, 5202, 5203, 5204, 5205, 5206, 5207, 5208, 5209, 5210, 5211, 5212, 5213, 5214, 5215, 5216, 5217, 5218, 5219, 5220, 5221, 5222, 5223;
	setarray .src[320], 5224, 5225, 5226, 5227, 5228, 5229, 5230, 5231, 5232, 5233, 5234, 5235, 5236, 5237, 5238, 5239, 5240, 5241, 5242, 5243, 5244, 5245, 5246, 5247, 5248, 5249, 5250, 5251, 5252, 5253, 5254, 5255, 5256, 5257, 5258, 5259, 5260, 5261, 5262, 5263;
	setarray .src[360], 5264, 5265, 5266, 5267, 5268, 5269, 5270, 5271, 5272, 5273, 5274, 5275, 5276, 5277, 5278, 5279, 5280, 5281, 5282, 5283, 5284, 5285, 5286, 5287, 5288, 5289, 5290, 5291, 5292, 5293, 5294, 5295, 5296, 5297, 5298, 5299, 5300, 5301, 5302, 5303;
	setarray .src[400], 5304, 5305, 5306, 5307, 5308, 5309, 5310, 5311, 5312, 5313, 5314, 5315, 5316, 5317, 5318, 5319, 5320, 5321, 5322, 5323, 5324, 5325, 5326, 5327, 5328, 5329, 5330, 5331, 5332, 5333, 5334, 5335, 5336, 5337, 5338, 5339, 5340, 5341, 5342, 5343;
	setarray .src[440], 5344, 5345, 5346, 5347, 5348, 5349, 5350, 5351, 5352, 5353, 5354, 5355, 5356, 5357, 5358, 5359, 5360, 5361, 5362, 5363, 5364, 5365, 5366, 5367, 5368, 5369, 5370, 5371, 5372, 5373, 5374, 5375, 5376, 5377, 5378, 5379, 5380, 5381, 5382, 5383;
	setarray .src[480], 5384, 5385, 5386, 5387, 5388, 5389, 5390, 5391, 5392, 5393, 5395, 5396, 5397, 5398, 5399, 5400, 5401, 5402, 5403, 5404, 5405, 5406, 5407, 5408, 5409, 5410, 5411, 5412, 5413, 5414, 5415, 5416, 5417, 5418, 5419, 5420, 5421, 5422, 5423, 5424;
	setarray .src[520], 5425, 5426, 5427, 5428, 5429, 5430, 5431, 5432, 5433, 5435, 5436, 5437, 5438, 5439, 5440, 5441, 5442, 5443, 5444, 5445, 5446, 5447, 5448, 5449, 5450, 5451, 5452, 5453, 5454, 5455, 5456, 5457, 5458, 5459, 5460, 5461, 5462, 5463, 5464, 5476;
	setarray .src[560], 5477, 5478, 5479, 5480, 5481, 5482, 5483, 5485, 5486, 5487, 5488, 5489, 5490, 5491, 5492, 5493, 5494, 5495, 5496, 5497, 5498, 5499, 5500, 5501, 5502, 5503, 5504, 5505, 5506, 5507, 5508, 5509, 5510, 5511, 5512, 5513, 5514, 5515, 5516, 5517;
	setarray .src[600], 5518, 5519, 5520, 5521, 5522, 5523, 5524, 5525, 5526, 5527, 5528, 5529, 5530, 5531, 5532, 5533, 5535, 5536, 5537, 5538, 5539, 5540, 5541, 5542, 5543, 5544, 5545, 5546, 5547, 5548, 5549, 5550, 5552, 5553, 5554, 5555, 5556, 5557, 5558, 5559;
	setarray .src[640], 5560, 5561, 5562, 5564, 5565, 5566, 5567, 5568, 5569, 5570, 5572, 5573, 5574, 5575, 5577, 5578, 5579, 5581, 5582, 5583, 5584, 5585, 5586, 5587, 5590, 5592, 5593, 5594, 5596, 5597, 5600, 5603, 5604, 5605, 5653, 5654, 5658, 5659, 5660, 5664;
	setarray .src[680], 5665, 5666, 5667, 5668, 5671, 5681, 5682, 5683, 5684, 5685, 5686, 5687, 5690, 5691, 5692, 5738, 5741, 5742, 5770, 5771, 5775, 5781, 5786, 5788, 5792, 5793, 5794, 5796, 5797, 5798, 5799, 5800, 5801, 5802, 5803, 5804, 5805, 5806, 5807, 5808;
	setarray .src[720], 5809, 5810, 5811, 5812, 5815, 5816, 5818, 5819, 5821, 5822, 5824, 5826, 5827, 5846, 5851, 5856, 5857, 5858, 5859, 18500, 18501, 18502, 18503, 18505, 18506, 18507, 18539, 18595, 18596, 18597, 18600, 18612, 18613, 18620, 18656;
	.count = getarraysize(.src);
	.base = 73000;
	end;
}

// Costume boxes: F_RndCostumeBox(slot) gives a random costume twin that has the slot: 1 = upper, 2 = middle, 3 = lower.
// The lists hold the twin item ids of this era (a costume with several slots is in each of its slots' lists).
function	script	F_RndCostumeBox	{
	.@s = getarg(0, 1);
	if (.@s == 1) {
		setarray .@p[0], 73005, 73006, 73007, 73008, 73009, 73010, 73012, 73013, 73014, 73015, 73016, 73019, 73020, 73021, 73022, 73023, 73024, 73025, 73026, 73027, 73028, 73029, 73030, 73031, 73032, 73033, 73040, 73041, 73042, 73043, 73044, 73045, 73046, 73047, 73048, 73049, 73050, 73051, 73052, 73053;
		setarray .@p[40], 73054, 73055, 73057, 73060, 73067, 73068, 73069, 73070, 73071, 73073, 73075, 73076, 73078, 73079, 73080, 73081, 73083, 73085, 73086, 73089, 73090, 73094, 73095, 73098, 73099, 73100, 73104, 73105, 73106, 73107, 73108, 73109, 73110, 73112, 73113, 73114, 73115, 73116, 73117, 73118;
		setarray .@p[80], 73119, 73120, 73121, 73122, 73123, 73124, 73125, 73126, 73127, 73128, 73129, 73130, 73131, 73132, 73133, 73134, 73135, 73136, 73138, 73139, 73141, 73142, 73143, 73144, 73145, 73146, 73147, 73149, 73150, 73152, 73153, 73154, 73155, 73156, 73157, 73158, 73159, 73160, 73161, 73162;
		setarray .@p[120], 73163, 73164, 73166, 73167, 73168, 73169, 73170, 73172, 73173, 73174, 73175, 73176, 73177, 73178, 73179, 73180, 73181, 73188, 73189, 73190, 73191, 73193, 73194, 73195, 73196, 73199, 73201, 73202, 73204, 73205, 73207, 73208, 73210, 73211, 73212, 73213, 73214, 73215, 73216, 73217;
		setarray .@p[160], 73218, 73219, 73220, 73221, 73222, 73223, 73224, 73225, 73226, 73227, 73228, 73229, 73230, 73232, 73233, 73234, 73235, 73236, 73237, 73238, 73239, 73240, 73241, 73242, 73243, 73244, 73245, 73246, 73247, 73248, 73249, 73253, 73254, 73255, 73256, 73257, 73258, 73259, 73260, 73261;
		setarray .@p[200], 73262, 73263, 73264, 73265, 73266, 73267, 73268, 73269, 73270, 73273, 73274, 73275, 73276, 73277, 73278, 73279, 73280, 73281, 73282, 73283, 73284, 73285, 73286, 73287, 73288, 73289, 73290, 73291, 73292, 73293, 73294, 73295, 73296, 73297, 73298, 73301, 73303, 73304, 73305, 73306;
		setarray .@p[240], 73307, 73308, 73309, 73310, 73311, 73312, 73313, 73314, 73315, 73318, 73319, 73320, 73321, 73322, 73323, 73324, 73325, 73326, 73327, 73328, 73329, 73330, 73331, 73332, 73333, 73334, 73335, 73336, 73337, 73338, 73339, 73342, 73343, 73348, 73349, 73350, 73351, 73352, 73353, 73354;
		setarray .@p[280], 73355, 73356, 73357, 73358, 73359, 73360, 73361, 73362, 73363, 73364, 73365, 73366, 73367, 73369, 73370, 73371, 73372, 73373, 73374, 73375, 73376, 73377, 73378, 73379, 73380, 73381, 73382, 73383, 73385, 73386, 73387, 73388, 73389, 73390, 73391, 73392, 73393, 73394, 73395, 73396;
		setarray .@p[320], 73397, 73398, 73399, 73400, 73402, 73403, 73404, 73405, 73406, 73407, 73408, 73409, 73412, 73413, 73414, 73415, 73416, 73417, 73418, 73419, 73420, 73423, 73426, 73427, 73429, 73430, 73431, 73432, 73433, 73434, 73435, 73436, 73437, 73438, 73439, 73440, 73441, 73442, 73443, 73444;
		setarray .@p[360], 73445, 73446, 73447, 73448, 73449, 73450, 73451, 73452, 73453, 73455, 73456, 73459, 73460, 73461, 73462, 73463, 73464, 73465, 73466, 73467, 73468, 73469, 73470, 73471, 73472, 73474, 73475, 73476, 73477, 73478, 73479, 73480, 73481, 73482, 73483, 73484, 73486, 73488, 73489, 73490;
		setarray .@p[400], 73491, 73493, 73494, 73495, 73499, 73500, 73501, 73502, 73503, 73504, 73505, 73506, 73508, 73509, 73510, 73511, 73512, 73513, 73515, 73517, 73518, 73519, 73520, 73521, 73522, 73523, 73524, 73525, 73526, 73527, 73528, 73529, 73530, 73531, 73532, 73533, 73534, 73535, 73536, 73537;
		setarray .@p[440], 73538, 73540, 73541, 73542, 73543, 73544, 73545, 73546, 73547, 73548, 73549, 73550, 73551, 73552, 73553, 73554, 73555, 73558, 73559, 73560, 73561, 73562, 73563, 73564, 73565, 73567, 73568, 73569, 73570, 73571, 73572, 73573, 73574, 73575, 73576, 73577, 73578, 73579, 73580, 73581;
		setarray .@p[480], 73582, 73583, 73584, 73585, 73586, 73587, 73588, 73589, 73590, 73591, 73592, 73593, 73594, 73595, 73596, 73597, 73600, 73601, 73602, 73604, 73605, 73606, 73607, 73608, 73609, 73610, 73611, 73612, 73613, 73615, 73616, 73618, 73619, 73620, 73621, 73622, 73623, 73624, 73625, 73626;
		setarray .@p[520], 73627, 73628, 73630, 73631, 73632, 73633, 73634, 73635, 73636, 73637, 73638, 73639, 73640, 73641, 73642, 73643, 73646, 73647, 73648, 73649, 73650, 73651, 73653, 73654, 73655, 73656, 73657, 73658, 73659, 73660, 73661, 73662, 73663, 73664, 73666, 73670, 73671, 73672, 73673, 73674;
		setarray .@p[560], 73675, 73676, 73677, 73678, 73680, 73681, 73682, 73683, 73684, 73685, 73686, 73687, 73688, 73689, 73690, 73691, 73692, 73693, 73694, 73695, 73696, 73697, 73698, 73699, 73701, 73704, 73712, 73713, 73714, 73716, 73717, 73718, 73719, 73720, 73721, 73723, 73724, 73725, 73726, 73727;
		setarray .@p[600], 73728, 73729, 73730, 73731, 73732, 73734, 73735, 73736, 73737, 73738, 73744, 73746, 73747, 73748, 73749, 73750, 73751, 73752, 73754;
	} else if (.@s == 2) {
		setarray .@p[0], 73000, 73001, 73002, 73003, 73004, 73011, 73023, 73024, 73035, 73038, 73039, 73056, 73059, 73060, 73072, 73074, 73077, 73082, 73084, 73087, 73088, 73091, 73092, 73093, 73096, 73102, 73103, 73111, 73119, 73137, 73140, 73143, 73165, 73171, 73182, 73183, 73184, 73185, 73186, 73187;
		setarray .@p[40], 73188, 73189, 73190, 73191, 73194, 73197, 73198, 73200, 73217, 73226, 73227, 73231, 73238, 73239, 73247, 73248, 73250, 73263, 73264, 73265, 73271, 73272, 73273, 73277, 73299, 73301, 73310, 73317, 73319, 73320, 73339, 73340, 73341, 73344, 73345, 73346, 73347, 73354, 73359, 73367;
		setarray .@p[80], 73368, 73369, 73370, 73371, 73372, 73384, 73390, 73391, 73394, 73395, 73400, 73405, 73409, 73410, 73411, 73421, 73422, 73423, 73424, 73425, 73428, 73449, 73453, 73454, 73463, 73467, 73469, 73471, 73485, 73492, 73495, 73496, 73497, 73505, 73515, 73516, 73523, 73542, 73543, 73555;
		setarray .@p[120], 73559, 73565, 73566, 73567, 73580, 73584, 73586, 73587, 73593, 73598, 73599, 73602, 73611, 73619, 73620, 73636, 73642, 73643, 73644, 73645, 73647, 73654, 73656, 73661, 73665, 73666, 73679, 73682, 73702, 73703, 73705, 73706, 73711, 73715, 73719, 73734, 73742, 73744, 73745, 73753;
	} else {
		setarray .@p[0], 73017, 73018, 73034, 73036, 73037, 73058, 73060, 73061, 73062, 73063, 73064, 73065, 73066, 73074, 73077, 73084, 73088, 73093, 73097, 73101, 73102, 73143, 73148, 73150, 73151, 73183, 73184, 73185, 73186, 73187, 73192, 73203, 73206, 73209, 73227, 73239, 73251, 73252, 73262, 73263;
		setarray .@p[40], 73264, 73272, 73299, 73300, 73302, 73316, 73359, 73368, 73390, 73395, 73400, 73401, 73405, 73410, 73428, 73457, 73458, 73463, 73473, 73487, 73495, 73498, 73505, 73507, 73514, 73515, 73523, 73539, 73542, 73543, 73555, 73556, 73557, 73565, 73566, 73567, 73576, 73603, 73614, 73617;
		setarray .@p[80], 73620, 73629, 73636, 73644, 73645, 73652, 73654, 73667, 73668, 73669, 73700, 73707, 73708, 73709, 73710, 73719, 73722, 73733, 73739, 73740, 73741, 73743, 73744;
	}
	.@n = getarraysize(.@p);
	.@id = .@p[rand(.@n)];
	getitem .@id, 1;
	specialeffect2 EF_COIN;
	dispbottom "The box held: " + getitemname(.@id) + "!", 0x00FF88;
	return;
}
